
Rk,Player,Pos,Age,Tm,G,GS,MP,FG,FGA,FG%,3P,3PA,3P%,2P,2PA,2P%,eFG%,FT,FTA,FT%,ORB,DRB,TRB,AST,STL,BLK,TOV,PF,PTS
1,Mahmoud Abdul-Rauf\abdulma02,PG,26,DEN,57,53,2029,414,955,.434,121,309,.392,293,646,.454,.497,146,157,.930,26,112,138,389,64,3,115,117,1095
2,Michael Adams\adamsmi01,PG,33,CHH,21,3,329,37,83,.446,14,41,.341,23,42,.548,.530,26,35,.743,5,17,22,67,21,4,25,25,114
3,Rafael Addison\addisra01,SF,31,CHH,53,0,516,77,165,.467,0,9,.000,77,156,.494,.467,17,22,.773,25,65,90,30,9,9,27,74,171
4,Cory Alexander\alexaco01,PG,22,SAS,60,0,560,63,155,.406,26,66,.394,37,89,.416,.490,16,25,.640,9,33,42,121,27,2,68,94,168
5,Jerome Allen\allenje01,SG,23,MIN,41,0,362,36,105,.343,10,33,.303,26,72,.361,.390,26,36,.722,5,20,25,49,21,5,34,42,108
6,Derrick Alston\alstode01,C,23,PHI,73,41,1614,198,387,.512,1,3,.333,197,384,.513,.513,55,112,.491,127,175,302,61,56,52,59,191,452
7,John Amaechi\amaecjo01,PF,25,CLE,28,3,357,29,70,.414,0,0,,29,70,.414,.414,19,33,.576,13,39,52,9,6,11,34,49,77
8,Ashraf Amaya\amayaas01,PF,24,VAN,54,34,1104,121,252,.480,0,1,.000,121,251,.482,.480,97,149,.651,114,189,303,33,22,10,57,151,339
9,Greg Anderson\andergr01,PF,31,SAS,46,7,344,24,47,.511,0,1,.000,24,46,.522,.511,6,25,.240,29,71,100,10,9,24,22,66,54
10,Kenny Anderson\anderke01,PG,25,TOT,69,64,2344,349,834,.418,92,256,.359,257,578,.445,.474,260,338,.769,63,140,203,575,111,14,146,178,1050
10,Kenny Anderson\anderke01,PG,25,NJN,31,28,1042,143,380,.376,36,99,.364,107,281,.381,.424,151,188,.803,37,64,101,247,52,8,58,73,473
10,Kenny Anderson\anderke01,PG,25,CHH,38,36,1302,206,454,.454,56,157,.357,150,297,.505,.515,109,150,.727,26,76,102,328,59,6,88,105,577
11,Nick Anderson\anderni01,SG,28,ORL,77,77,2717,400,904,.442,168,430,.391,232,474,.489,.535,166,240,.692,92,323,415,279,121,46,141,135,1134
12,Willie Anderson\anderwi01,SG,29,TOT,76,44,2060,288,660,.436,34,120,.283,254,540,.470,.462,132,163,.810,48,198,246,197,75,59,143,230,742
12,Willie Anderson\anderwi01,SG,29,TOR,49,42,1564,232,527,.440,29,95,.305,203,432,.470,.468,113,132,.856,35,151,186,149,58,51,119,171,606
12,Willie Anderson\anderwi01,SG,29,NYK,27,2,496,56,133,.421,5,25,.200,51,108,.472,.440,19,31,.613,13,47,60,48,17,8,24,59,136
13,Greg Anthony\anthogr01,PG,28,VAN,69,68,2096,324,781,.415,90,271,.332,234,510,.459,.472,229,297,.771,29,145,174,476,116,11,160,137,967
14,B.J. Armstrong\armstbj01,PG,28,GSW,82,64,2262,340,727,.468,98,207,.473,242,520,.465,.535,234,279,.839,22,162,184,401,68,6,128,147,1012
15,Darrell Armstrong\armstda01,PG,27,ORL,13,0,41,16,32,.500,6,12,.500,10,20,.500,.594,4,4,1.000,0,2,2,5,6,0,6,4,42
16,Vincent Askew\askewvi01,SG,29,SEA,69,2,1725,215,436,.493,29,86,.337,186,350,.531,.526,123,161,.764,65,153,218,163,47,15,96,178,582
17,Keith Askins\askinke01,SF,28,MIA,75,14,1897,157,391,.402,99,237,.418,58,154,.377,.528,45,57,.789,113,211,324,121,48,61,82,271,458
18,Stacey Augmon\augmost01,SF,27,ATL,77,49,2294,362,738,.491,1,4,.250,361,734,.492,.491,251,317,.792,137,167,304,137,106,31,138,188,976
19,Anthony Avent\aventan01,PF,26,VAN,71,32,1586,179,466,.384,0,0,,179,466,.384,.384,57,77,.740,108,247,355,69,30,42,107,202,415
20,Vin Baker\bakervi01,PF,24,MIL,82,82,3319,699,1429,.489,10,48,.208,689,1381,.499,.493,321,479,.670,263,545,808,212,68,91,216,272,1729
21,Steve Bardo\bardost01,SG,27,DET,9,0,123,9,23,.391,0,4,.000,9,19,.474,.391,4,6,.667,2,20,22,15,4,1,5,17,22
22,Charles Barkley*\barklch01,PF,32,PHO,71,71,2632,580,1160,.500,49,175,.280,531,985,.539,.521,440,566,.777,243,578,821,262,114,56,218,208,1649
23,Dana Barros\barroda01,PG,28,BOS,80,25,2328,379,806,.470,150,368,.408,229,438,.523,.563,130,147,.884,21,171,192,306,58,3,120,116,1038
24,Brent Barry\barrybr01,SG,24,LAC,79,44,1898,283,597,.474,123,296,.416,160,301,.532,.577,111,137,.810,38,130,168,230,95,22,120,196,800
25,Jon Barry\barryjo01,SG,26,GSW,68,0,712,91,185,.492,44,93,.473,47,92,.511,.611,31,37,.838,17,46,63,85,33,11,42,51,257
26,Corey Beck\beckco01,PG,24,CHH,5,0,33,2,8,.250,0,0,,2,8,.250,.250,1,2,.500,3,4,7,5,1,0,4,8,5
27,Benoit Benjamin\benjabe01,C,31,TOT,83,71,1896,294,590,.498,0,3,.000,294,587,.501,.498,140,194,.722,141,398,539,64,45,85,144,224,728
27,Benoit Benjamin\benjabe01,C,31,VAN,13,13,404,71,161,.441,0,0,,71,161,.441,.441,39,56,.696,31,72,103,16,10,15,34,40,181
27,Benoit Benjamin\benjabe01,C,31,MIL,70,58,1492,223,429,.520,0,3,.000,223,426,.523,.520,101,138,.732,110,326,436,48,35,70,110,184,547
28,Elmer Bennett\benneel01,PG,25,PHI,8,0,66,4,17,.235,0,0,,4,17,.235,.235,3,4,.750,1,4,5,8,1,1,7,6,11
29,Mario Bennett\bennema01,SF,22,PHO,19,14,230,29,64,.453,0,1,.000,29,63,.460,.453,27,42,.643,21,28,49,6,11,11,11,46,85
30,David Benoit\benoida01,SF,27,UTA,81,63,1961,255,581,.439,64,192,.333,191,389,.491,.494,87,112,.777,90,293,383,82,43,49,71,166,661
31,Travis Best\besttr01,PG,23,IND,59,1,571,69,163,.423,8,25,.320,61,138,.442,.448,75,90,.833,11,33,44,97,20,3,63,80,221
32,Mookie Blaylock\blaylmo01,PG,28,ATL,81,81,2893,455,1123,.405,231,623,.371,224,500,.448,.508,127,170,.747,110,222,332,478,212,17,188,151,1268
33,Corie Blount\blounco01,PF,27,LAL,57,2,715,79,167,.473,0,2,.000,79,165,.479,.473,25,44,.568,69,101,170,42,25,35,47,109,183
34,Muggsy Bogues\boguemu01,PG,31,CHH,6,0,77,6,16,.375,0,1,.000,6,15,.400,.375,2,2,1.000,6,1,7,19,2,0,6,4,14
35,Anthony Bonner\bonnean01,PF,27,ORL,4,0,43,5,15,.333,0,0,,5,15,.333,.333,3,7,.429,6,13,19,4,3,0,3,11,13
36,Melvin Booker\bookeme01,PG,23,HOU,11,0,131,16,50,.320,3,19,.158,13,31,.419,.350,9,11,.818,1,8,9,21,5,1,12,18,44
37,Anthony Bowie\bowiean01,SG,32,ORL,74,4,1078,128,272,.471,12,31,.387,116,241,.481,.493,40,46,.870,40,83,123,105,34,10,55,112,308
38,Donnie Boyce\boycedo01,SG,22,ATL,8,0,41,9,23,.391,4,8,.500,5,15,.333,.478,2,4,.500,5,5,10,3,3,1,6,2,24
39,Shawn Bradley\bradlsh01,C,23,TOT,79,68,2329,387,873,.443,1,4,.250,386,869,.444,.444,169,246,.687,221,417,638,63,49,288,179,286,944
39,Shawn Bradley\bradlsh01,C,23,PHI,12,11,334,43,97,.443,0,0,,43,97,.443,.443,19,25,.760,34,72,106,8,8,38,31,42,105
39,Shawn Bradley\bradlsh01,C,23,NJN,67,57,1995,344,776,.443,1,4,.250,343,772,.444,.444,150,221,.679,187,345,532,55,41,250,148,244,839
40,Marques Bragg\braggma01,PF,25,MIN,53,0,369,54,120,.450,0,0,,54,120,.450,.450,23,41,.561,38,41,79,8,17,8,26,71,131
41,Terrell Brandon\brandte01,PG,25,CLE,75,75,2570,510,1096,.465,91,235,.387,419,861,.487,.507,338,381,.887,47,201,248,487,132,33,142,146,1449
42,Tim Breaux\breauti01,SF,25,HOU,54,4,570,59,161,.366,15,46,.326,44,115,.383,.413,28,45,.622,22,38,60,24,11,8,30,42,161
43,Frank Brickowski\brickfr01,C,36,SEA,63,8,986,123,252,.488,32,79,.405,91,173,.526,.552,61,86,.709,26,125,151,58,26,8,78,185,339
44,Scott Brooks\brooksc01,PG,30,DAL,69,0,716,134,293,.457,25,62,.403,109,231,.472,.500,59,69,.855,11,30,41,100,42,3,43,53,352
45,Chucky Brown\brownch01,PF,27,HOU,82,82,2019,300,555,.541,1,8,.125,299,547,.547,.541,104,150,.693,134,307,441,89,47,38,94,163,705
46,Dee Brown\brownde01,PG,27,BOS,65,23,1591,246,616,.399,68,220,.309,178,396,.449,.455,135,158,.854,36,100,136,146,80,12,74,119,695
47,Mike Brown\brownmi01,C,32,PHI,9,1,162,9,16,.563,0,0,,9,16,.563,.563,8,17,.471,14,23,37,3,3,2,6,24,26
48,P.J. Brown\brownpj01,C,26,NJN,81,81,2942,354,798,.444,3,15,.200,351,783,.448,.445,204,265,.770,215,345,560,165,79,100,133,249,915
49,Randy Brown\brownra02,PG,27,CHI,68,0,671,78,192,.406,1,11,.091,77,181,.425,.409,28,46,.609,17,49,66,73,57,12,31,88,185
50,Mark Bryant\bryanma01,PF,30,HOU,71,9,1587,242,446,.543,0,2,.000,242,444,.545,.543,127,177,.718,131,220,351,52,31,19,85,234,611
51,Jud Buechler\buechju01,SF,27,CHI,74,0,740,112,242,.463,40,90,.444,72,152,.474,.545,14,22,.636,45,66,111,56,34,7,39,70,278
52,Matt Bullard\bullama01,PF,28,ATL,46,0,460,66,162,.407,26,72,.361,40,90,.444,.488,16,20,.800,18,42,60,18,17,11,24,50,174
53,Scott Burrell\burresc01,SF,25,CHH,20,20,693,92,206,.447,37,98,.378,55,108,.509,.536,42,56,.750,26,72,98,47,27,13,43,76,263
54,Junior Burrough\burroju01,PF,23,BOS,61,3,495,64,170,.376,0,0,,64,170,.376,.376,61,93,.656,45,64,109,15,15,10,40,74,189
55,Mitchell Butler\butlemi02,SG,25,WSB,61,3,858,88,229,.384,13,60,.217,75,169,.444,.413,48,83,.578,29,89,118,67,41,12,67,104,237
56,Jason Caffey\caffeja01,PF,22,CHI,57,0,545,71,162,.438,0,1,.000,71,161,.441,.438,40,68,.588,51,60,111,24,12,7,48,91,182
57,Michael Cage\cagemi01,C,34,CLE,82,80,2631,220,396,.556,0,1,.000,220,395,.557,.556,50,92,.543,288,441,729,53,87,79,54,215,490
58,Adrian Caldwell\caldwad01,PF,29,IND,51,1,327,46,83,.554,0,0,,46,83,.554,.554,18,36,.500,42,68,110,6,9,5,35,73,110
59,Elden Campbell\campbel01,PF,27,LAL,82,82,2699,447,888,.503,0,5,.000,447,883,.506,.503,249,349,.713,162,461,623,181,88,212,137,300,1143
60,Antoine Carr\carran01,SF,34,UTA,80,0,1532,233,510,.457,0,3,.000,233,507,.460,.457,114,144,.792,71,129,200,74,28,65,78,254,580
61,Chris Carr\carrch01,SG,21,PHO,60,10,590,90,217,.415,11,42,.262,79,175,.451,.440,49,60,.817,27,75,102,43,10,5,40,77,240
62,Sam Cassell\cassesa01,PG,26,HOU,61,0,1682,289,658,.439,73,210,.348,216,448,.482,.495,235,285,.825,51,137,188,278,53,4,157,166,886
63,Duane Causwell\causwdu01,C,27,SAC,73,26,1044,90,216,.417,0,1,.000,90,215,.419,.417,70,96,.729,86,162,248,20,27,78,53,173,250
64,Cedric Ceballos\cebalce01,SF,26,LAL,78,71,2628,638,1203,.530,51,184,.277,587,1019,.576,.552,329,409,.804,215,321,536,119,94,22,167,144,1656
65,Rex Chapman\chapmre01,SG,28,MIA,56,50,1865,289,679,.426,125,337,.371,164,342,.480,.518,83,113,.735,22,123,145,166,45,10,79,117,786
66,Calbert Cheaney\cheanca01,SF,24,WSB,70,70,2324,426,905,.471,52,154,.338,374,751,.498,.499,151,214,.706,67,172,239,154,67,18,129,205,1055
67,Pete Chilcutt\chilcpe01,PF,27,HOU,74,0,651,73,179,.408,37,98,.378,36,81,.444,.511,17,26,.654,51,105,156,26,19,14,22,65,200
68,Randolph Childress\childra01,PG,23,POR,28,0,250,25,79,.316,13,47,.277,12,32,.375,.399,22,27,.815,1,18,19,32,8,1,28,22,85
69,Chris Childs\childch01,PG,28,NJN,78,54,2408,324,778,.416,95,259,.367,229,519,.441,.478,259,304,.852,51,194,245,548,111,8,230,246,1002
70,Doug Christie\chrisdo01,SF,25,TOT,55,17,1036,150,337,.445,46,106,.434,104,231,.450,.513,69,93,.742,34,120,154,117,70,19,95,141,415
70,Doug Christie\chrisdo01,SF,25,NYK,23,0,218,35,73,.479,10,19,.526,25,54,.463,.548,13,22,.591,8,26,34,25,12,3,19,41,93
70,Doug Christie\chrisdo01,SF,25,TOR,32,17,818,115,264,.436,36,87,.414,79,177,.446,.504,56,71,.789,26,94,120,92,58,16,76,100,322
71,Robert Churchwell\churcro01,SG,23,GSW,4,0,20,3,8,.375,0,0,,3,8,.375,.375,0,0,,0,3,3,1,0,0,2,1,6
72,Charles Claxton\claxtch01,C,25,BOS,3,0,7,1,2,.500,0,0,,1,2,.500,.500,0,2,.000,2,0,2,0,0,1,1,4,2
73,John Coker\cokerjo01,C,24,PHO,5,0,11,4,5,.800,0,0,,4,5,.800,.800,0,0,,2,0,2,1,0,1,0,1,8
74,Derrick Coleman\colemde01,PF,28,PHI,11,11,294,48,118,.407,7,21,.333,41,97,.423,.436,20,32,.625,13,59,72,31,4,10,28,30,123
75,Bimbo Coles\colesbi01,PG,27,TOT,81,55,2615,318,777,.409,88,254,.346,230,523,.440,.466,168,211,.796,49,211,260,422,94,17,171,253,892
75,Bimbo Coles\colesbi01,PG,27,MIA,52,52,1882,231,559,.413,63,172,.366,168,387,.434,.470,139,173,.803,38,163,201,296,63,12,123,175,664
75,Bimbo Coles\colesbi01,PG,27,GSW,29,3,733,87,218,.399,25,82,.305,62,136,.456,.456,29,38,.763,11,48,59,126,31,5,48,78,228
76,Marty Conlon\conloma01,C,28,MIL,74,1,958,153,327,.468,5,30,.167,148,297,.498,.476,84,110,.764,58,119,177,68,20,11,79,126,395
77,Anthony Cook\cookan01,PF,28,POR,11,0,60,7,16,.438,0,2,.000,7,14,.500,.438,1,4,.250,5,7,12,2,0,1,1,8,15
78,Tyrone Corbin\corbity01,SF,33,TOT,71,2,1284,155,351,.442,3,18,.167,152,333,.456,.446,100,120,.833,81,163,244,84,63,20,67,147,413
78,Tyrone Corbin\corbity01,SF,33,SAC,49,2,930,117,259,.452,1,12,.083,116,247,.470,.454,77,92,.837,55,124,179,61,47,17,50,96,312
78,Tyrone Corbin\corbity01,SF,33,MIA,22,0,354,38,92,.413,2,6,.333,36,86,.419,.424,23,28,.821,26,39,65,23,16,3,17,51,101
79,Joe Courtney\courtjo01,PF,26,CLE,23,0,200,15,35,.429,0,0,,15,35,.429,.429,8,18,.444,24,25,49,9,5,6,17,35,38
80,John Crotty\crottjo01,PG,26,CLE,58,4,617,51,114,.447,8,27,.296,43,87,.494,.482,62,72,.861,20,34,54,102,22,6,51,60,172
81,Terry Cummings\cummite01,PF,34,MIL,81,13,1777,270,584,.462,1,7,.143,269,577,.466,.463,104,160,.650,162,283,445,89,56,30,69,263,645
82,Dell Curry\curryde01,SG,31,CHH,82,29,2371,441,974,.453,164,406,.404,277,568,.488,.537,146,171,.854,68,196,264,176,108,25,130,173,1192
83,Michael Curry\currymi01,SG-SF,27,TOT,46,1,783,73,161,.453,20,53,.377,53,108,.491,.516,45,62,.726,27,58,85,27,24,2,24,92,211
83,Michael Curry\currymi01,SF,27,WSB,5,0,34,3,10,.300,0,3,.000,3,7,.429,.300,4,4,1.000,2,3,5,1,1,0,1,3,10
83,Michael Curry\currymi01,SG,27,DET,41,1,749,70,151,.464,20,50,.400,50,101,.495,.530,41,58,.707,25,55,80,26,23,2,23,89,201
84,Rastko Cvetkovic\cvetkra01,C,25,DEN,14,0,48,5,16,.313,0,1,.000,5,15,.333,.313,0,4,.000,4,7,11,3,2,1,3,11,10
85,Sasha Danilovic\danilsa01,SG,25,MIA,19,18,542,83,184,.451,34,78,.436,49,106,.462,.543,55,72,.764,12,34,46,47,15,3,37,49,255
86,Yinka Dare\dareyi01,C,23,NJN,58,23,626,63,144,.438,0,0,,63,144,.438,.438,38,62,.613,56,125,181,0,8,40,72,117,164
87,Antonio Davis\davisan01,PF,27,IND,82,14,2092,236,482,.490,1,2,.500,235,480,.490,.491,246,345,.713,188,313,501,43,33,66,87,248,719
88,Dale Davis\davisda01,PF,26,IND,78,77,2617,334,599,.558,0,0,,334,599,.558,.558,135,289,.467,252,457,709,76,56,112,119,238,803
89,Hubert Davis\davishu01,SG,25,NYK,74,14,1773,275,566,.486,127,267,.476,148,299,.495,.598,112,129,.868,35,88,123,103,31,8,63,120,789
90,Mark Davis\davisma02,SF,22,MIN,57,0,571,55,149,.369,4,13,.308,51,136,.375,.383,74,116,.638,56,69,125,47,40,22,68,92,188
91,Terry Davis\daviste01,PF,28,DAL,28,0,501,55,108,.509,0,0,,55,108,.509,.509,27,47,.574,43,74,117,21,10,4,25,66,137
92,Todd Day\dayto01,SG,26,TOT,79,12,1807,299,817,.366,100,302,.331,199,515,.386,.427,224,287,.780,70,154,224,107,81,51,109,225,922
92,Todd Day\dayto01,SG,26,MIL,8,0,171,22,71,.310,5,25,.200,17,46,.370,.345,24,26,.923,8,14,22,5,4,3,11,27,73
92,Todd Day\dayto01,SG,26,BOS,71,12,1636,277,746,.371,95,277,.343,182,469,.388,.435,200,261,.766,62,140,202,102,77,48,98,198,849
93,Andrew DeClercq\declean01,C,22,GSW,22,1,203,24,50,.480,0,1,.000,24,49,.490,.480,11,19,.579,18,21,39,9,7,5,4,30,59
94,Terry Dehere\deherte01,PG,24,LAC,82,10,2018,315,686,.459,139,316,.440,176,370,.476,.560,247,327,.755,41,102,143,350,54,16,191,239,1016
95,Vinny Del Negro\delnevi01,SG,29,SAS,82,82,2766,478,962,.497,57,150,.380,421,812,.518,.527,178,214,.832,36,236,272,315,85,6,100,166,1191
96,Bison Dele\delebi01,C,26,LAC,65,65,2157,416,766,.543,1,6,.167,415,760,.546,.544,196,267,.734,149,343,492,122,70,55,190,226,1029
97,Dell Demps\dempsde01,SG,25,SAS,16,0,87,19,33,.576,1,2,.500,18,31,.581,.591,14,17,.824,2,7,9,8,3,1,12,10,53
98,Vlade Divac\divacvl01,C,27,LAL,79,79,2470,414,807,.513,3,18,.167,411,789,.521,.515,189,295,.641,198,481,679,261,76,131,199,274,1020
99,Sherman Douglas\douglsh01,PG,29,TOT,79,66,2335,345,685,.504,40,110,.364,305,575,.530,.533,160,219,.731,55,125,180,436,63,5,194,163,890
99,Sherman Douglas\douglsh01,PG,29,BOS,10,4,234,36,84,.429,1,7,.143,35,77,.455,.435,25,40,.625,6,17,23,39,2,0,29,16,98
99,Sherman Douglas\douglsh01,PG,29,MIL,69,62,2101,309,601,.514,39,103,.379,270,498,.542,.547,135,179,.754,49,108,157,397,61,5,165,147,792
100,Clyde Drexler*\drexlcl01,SG,33,HOU,52,51,1997,331,764,.433,78,235,.332,253,529,.478,.484,265,338,.784,97,276,373,302,105,24,134,153,1005
101,Kevin Duckworth\duckwke01,C,31,MIL,8,1,58,3,14,.214,0,0,,3,14,.214,.214,3,6,.500,2,5,7,2,2,0,2,19,9
102,Chris Dudley\dudlech02,C,30,POR,80,61,1924,162,358,.453,0,1,.000,162,357,.454,.453,80,157,.510,239,481,720,37,41,100,79,251,404
103,Joe Dumars*\dumarjo01,PG,32,DET,67,40,2193,255,598,.426,121,298,.406,134,300,.447,.528,162,197,.822,28,110,138,265,43,3,97,106,793
104,Richard Dumas\dumasri02,PF,26,PHI,39,14,739,95,203,.468,2,9,.222,93,194,.479,.473,49,70,.700,42,57,99,44,42,6,49,79,241
105,Tony Dumas\dumasto01,SG,23,DAL,67,12,1284,274,655,.418,74,207,.357,200,448,.446,.475,154,257,.599,58,57,115,99,42,13,77,128,776
106,Ledell Eackles\eacklle01,SG,29,WSB,55,26,1238,161,377,.427,54,128,.422,107,249,.430,.499,98,118,.831,44,104,148,86,28,3,57,84,474
107,Acie Earl\earlac01,C,25,TOR,42,7,655,117,276,.424,0,3,.000,117,273,.429,.424,82,114,.719,51,78,129,27,18,37,49,73,316
108,Tyus Edney\edneyty01,PG,22,SAC,80,60,2481,305,740,.412,53,144,.368,252,596,.423,.448,197,252,.782,63,138,201,491,89,3,192,203,860
109,Blue Edwards\edwarbl01,SF,30,VAN,82,82,2773,401,956,.419,84,245,.343,317,711,.446,.463,157,208,.755,98,248,346,212,118,46,170,243,1043
110,Doug Edwards\edwardo01,PF,25,VAN,31,0,519,32,91,.352,0,4,.000,32,87,.368,.352,29,38,.763,35,52,87,39,10,18,29,51,93
111,James Edwards\edwarja01,C,40,CHI,28,0,274,41,110,.373,0,0,,41,110,.373,.373,16,26,.615,15,25,40,11,1,8,21,61,98
112,Kevin Edwards\edwarke01,SG,30,NJN,34,33,1007,142,390,.364,42,104,.404,100,286,.350,.418,68,84,.810,14,61,75,71,54,7,68,67,394
113,Craig Ehlo\ehlocr01,SG,34,ATL,79,8,1758,253,591,.428,82,221,.371,171,370,.462,.497,81,103,.786,65,191,256,138,85,9,104,138,669
114,Howard Eisley\eisleho01,PG,23,UTA,65,0,961,104,242,.430,14,62,.226,90,180,.500,.459,65,77,.844,22,56,78,146,29,3,77,130,287
115,Mario Elie\eliema01,SF,32,HOU,45,16,1385,180,357,.504,41,127,.323,139,230,.604,.562,98,115,.852,47,108,155,138,45,11,59,93,499
116,Sean Elliott\elliose01,SF,27,SAS,77,77,2901,525,1127,.466,161,392,.411,364,735,.495,.537,326,423,.771,69,327,396,211,69,33,198,178,1537
117,Dale Ellis\ellisda01,SF,35,DEN,81,52,2626,459,959,.479,150,364,.412,309,595,.519,.557,136,179,.760,88,227,315,139,57,7,98,191,1204
118,LaPhonso Ellis\ellisla01,SF,25,DEN,45,28,1269,189,432,.438,4,22,.182,185,410,.451,.442,89,148,.601,93,229,322,74,36,33,83,163,471
119,LeRon Ellis\ellisle02,C,26,MIA,12,1,74,5,22,.227,0,0,,5,22,.227,.227,3,6,.500,5,3,8,4,2,3,3,11,13
120,Pervis Ellison\ellispe01,C,28,BOS,69,29,1431,145,295,.492,0,0,,145,295,.492,.492,75,117,.641,151,300,451,62,39,99,84,207,365
121,Vincenzo Esposito\esposvi01,PG,27,TOR,30,0,282,36,100,.360,13,56,.232,23,44,.523,.425,31,39,.795,4,12,16,23,7,0,39,27,116
122,Patrick Ewing*\ewingpa01,C,33,NYK,76,76,2783,678,1456,.466,4,28,.143,674,1428,.472,.467,351,461,.761,157,649,806,160,68,184,221,247,1711
123,Duane Ferrell\ferredu01,SF,30,IND,54,6,591,80,166,.482,0,8,.000,80,158,.506,.482,42,57,.737,32,61,93,30,23,3,34,83,202
124,Danny Ferry\ferryda01,PF,29,CLE,82,79,2680,422,919,.459,143,363,.394,279,556,.502,.537,103,134,.769,71,238,309,191,57,37,122,233,1090
125,Michael Finley\finlemi01,SF,22,PHO,82,72,3212,465,976,.476,61,186,.328,404,790,.511,.508,242,323,.749,139,235,374,289,85,31,133,199,1233
126,Matt Fish\fishma01,C,26,TOT,18,1,134,21,36,.583,0,0,,21,36,.583,.583,10,19,.526,10,11,21,8,3,7,3,19,52
126,Matt Fish\fishma01,C,26,NYK,2,1,17,6,10,.600,0,0,,6,10,.600,.600,0,1,.000,3,0,3,1,0,1,0,3,12
126,Matt Fish\fishma01,C,26,DEN,16,0,117,15,26,.577,0,0,,15,26,.577,.577,10,18,.556,7,11,18,7,3,6,3,16,40
127,Vern Fleming\flemive01,PG,33,NJN,77,3,1747,227,524,.433,3,28,.107,224,496,.452,.436,133,177,.751,49,121,170,255,41,5,122,115,590
128,Sherell Ford\fordsh01,SF,23,SEA,28,1,139,30,80,.375,4,25,.160,26,55,.473,.400,26,34,.765,12,12,24,5,8,1,6,27,90
129,Greg Foster\fostegr01,C,27,UTA,73,2,803,107,244,.439,1,8,.125,106,236,.449,.441,61,72,.847,53,125,178,25,7,22,58,120,276
130,Rick Fox\foxri01,SF,26,BOS,81,81,2588,421,928,.454,99,272,.364,322,656,.491,.507,196,254,.772,158,292,450,369,113,41,216,290,1137
131,Kevin Gamble\gamblke01,SF,30,TOT,65,13,1325,152,379,.401,44,114,.386,108,265,.408,.459,38,48,.792,21,92,113,100,35,8,43,147,386
131,Kevin Gamble\gamblke01,SF,30,MIA,44,13,1033,117,297,.394,38,91,.418,79,206,.383,.458,33,38,.868,14,72,86,82,31,5,32,119,305
131,Kevin Gamble\gamblke01,SF,30,SAC,21,0,292,35,82,.427,6,23,.261,29,59,.492,.463,5,10,.500,7,20,27,18,4,3,11,28,81
132,Kevin Garnett\garneke01,SF,19,MIN,80,43,2293,361,735,.491,8,28,.286,353,707,.499,.497,105,149,.705,175,326,501,145,86,131,110,189,835
133,Chris Gatling\gatlich01,PF,28,TOT,71,2,1427,326,567,.575,0,1,.000,326,566,.576,.575,139,207,.671,129,288,417,43,36,40,95,217,791
133,Chris Gatling\gatlich01,PF,28,GSW,47,2,862,171,308,.555,0,1,.000,171,307,.557,.555,84,132,.636,78,164,242,26,19,29,60,135,426
133,Chris Gatling\gatlich01,PF,28,MIA,24,0,565,155,259,.598,0,0,,155,259,.598,.598,55,75,.733,51,124,175,17,17,11,35,82,365
134,Kenny Gattison\gattike01,PF,31,VAN,25,14,570,91,190,.479,0,0,,91,190,.479,.479,47,78,.603,35,79,114,14,10,11,40,75,229
135,Matt Geiger\geigema01,C,26,CHH,77,50,2349,357,666,.536,3,8,.375,354,658,.538,.538,149,205,.727,201,448,649,60,46,63,137,290,866
136,Kendall Gill\gillke01,SG,27,TOT,47,46,1683,246,524,.469,26,79,.329,220,445,.494,.494,138,176,.784,72,160,232,260,64,24,131,131,656
136,Kendall Gill\gillke01,SG,27,CHH,36,36,1265,179,372,.481,17,54,.315,162,318,.509,.504,89,117,.761,56,133,189,225,42,22,110,101,464
136,Kendall Gill\gillke01,SG,27,NJN,11,10,418,67,152,.441,9,25,.360,58,127,.457,.470,49,59,.831,16,27,43,35,22,2,21,30,192
137,Armen Gilliam\gilliar01,SF,31,NJN,78,76,2856,576,1216,.474,0,1,.000,576,1215,.474,.474,277,350,.791,241,472,713,140,73,53,177,180,1429
138,Gerald Glass\glassge01,SF,28,TOT,15,0,71,12,33,.364,1,6,.167,11,27,.407,.379,1,1,1.000,6,2,8,4,3,1,0,10,26
138,Gerald Glass\glassge01,SF,28,NJN,10,0,56,10,28,.357,1,5,.200,9,23,.391,.375,0,0,,5,1,6,4,2,1,0,5,21
138,Gerald Glass\glassge01,SF,28,CHH,5,0,15,2,5,.400,0,1,.000,2,4,.500,.400,1,1,1.000,1,1,2,0,1,0,0,5,5
139,Anthony Goldwire\goldwan01,PG,24,CHH,42,8,621,76,189,.402,33,83,.398,43,106,.406,.489,46,60,.767,8,35,43,112,16,0,63,79,231
140,Greg Graham\grahagr01,SG,25,TOT,53,5,613,78,193,.404,32,82,.390,46,111,.414,.487,52,68,.765,17,40,57,52,25,1,46,64,240
140,Greg Graham\grahagr01,SG,25,PHI,8,3,128,17,32,.531,7,14,.500,10,18,.556,.641,15,17,.882,5,10,15,11,5,0,17,16,56
140,Greg Graham\grahagr01,SG,25,NJN,45,2,485,61,161,.379,25,68,.368,36,93,.387,.457,37,51,.725,12,30,42,41,20,1,29,48,184
141,Ron Grandison\grandro01,PF,31,TOT,28,3,311,22,58,.379,4,14,.286,18,44,.409,.414,17,25,.680,20,35,55,13,12,2,12,31,65
141,Ron Grandison\grandro01,PF,31,MIA,18,3,235,13,39,.333,4,13,.308,9,26,.346,.385,13,19,.684,14,22,36,10,8,1,11,27,43
141,Ron Grandison\grandro01,PF,31,ATL,4,0,19,2,4,.500,0,1,.000,2,3,.667,.500,0,0,,1,5,6,1,0,0,0,0,4
141,Ron Grandison\grandro01,PF,31,NYK,6,0,57,7,15,.467,0,0,,7,15,.467,.467,4,6,.667,5,8,13,2,4,1,1,4,18
142,Brian Grant\grantbr01,PF,23,SAC,78,75,2398,427,842,.507,4,17,.235,423,825,.513,.510,262,358,.732,175,370,545,127,40,103,185,269,1120
143,Gary Grant\grantga01,PG,30,NYK,47,1,596,88,181,.486,8,24,.333,80,157,.510,.508,48,58,.828,12,40,52,69,39,3,45,91,232
144,Greg Grant\grantgr01,PG,29,TOT,31,2,527,35,99,.354,8,34,.235,27,65,.415,.394,5,6,.833,7,27,34,97,22,2,30,43,83
144,Greg Grant\grantgr01,PG,29,PHI,11,2,280,18,48,.375,4,18,.222,14,30,.467,.417,5,6,.833,3,18,21,60,12,2,15,28,45
144,Greg Grant\grantgr01,PG,29,WSB,10,0,138,11,28,.393,2,10,.200,9,18,.500,.429,0,0,,1,5,6,23,8,0,10,8,24
144,Greg Grant\grantgr01,PG,29,DEN,10,0,109,6,23,.261,2,6,.333,4,17,.235,.304,0,0,,3,4,7,14,2,0,5,7,14
145,Harvey Grant\grantha01,PF,30,POR,76,75,2394,314,679,.462,21,67,.313,293,612,.479,.478,60,110,.545,117,244,361,111,60,43,82,173,709
146,Horace Grant\grantho01,PF,30,ORL,63,62,2286,347,677,.513,1,6,.167,346,671,.516,.513,152,207,.734,178,402,580,170,62,74,64,144,847
147,A.C. Green\greenac01,SF,32,PHO,82,36,2113,215,444,.484,14,52,.269,201,392,.513,.500,168,237,.709,166,388,554,72,45,23,79,141,612
148,Tom Gugliotta\guglito01,PF,26,MIN,78,78,2835,473,1004,.471,26,86,.302,447,918,.487,.484,289,374,.773,176,514,690,238,139,96,234,265,1261
149,Jack Haley\haleyja01,C,32,CHI,1,0,7,2,6,.333,0,0,,2,6,.333,.333,1,2,.500,1,1,2,0,0,0,1,2,5
150,Thomas Hamilton\hamilth01,C,20,BOS,11,0,70,9,31,.290,0,0,,9,31,.290,.290,7,18,.389,10,12,22,1,0,9,9,12,25
151,Geert Hammink\hammige01,C,26,TOT,6,0,17,2,4,.500,0,0,,2,4,.500,.500,4,7,.571,2,2,4,0,0,0,2,2,8
151,Geert Hammink\hammige01,C,26,ORL,3,0,7,1,2,.500,0,0,,1,2,.500,.500,2,4,.500,2,1,3,0,0,0,2,1,4
151,Geert Hammink\hammige01,C,26,GSW,3,0,10,1,2,.500,0,0,,1,2,.500,.500,2,3,.667,0,1,1,0,0,0,0,1,4
152,Tom Hammonds\hammoto01,PF,28,DEN,71,4,1045,127,268,.474,0,0,,127,268,.474,.474,88,115,.765,85,138,223,23,23,13,48,137,342
153,Darrin Hancock\hancoda01,SF,24,CHH,63,7,838,112,214,.523,1,3,.333,111,211,.526,.526,47,73,.644,40,58,98,47,28,5,56,94,272
154,Anfernee Hardaway\hardaan01,PG,24,ORL,82,82,3015,623,1215,.513,89,283,.314,534,932,.573,.549,445,580,.767,129,225,354,582,166,41,229,160,1780
155,Tim Hardaway\hardati01,PG,29,TOT,80,46,2534,419,992,.422,138,379,.364,281,613,.458,.492,241,305,.790,35,194,229,640,132,17,235,201,1217
155,Tim Hardaway\hardati01,PG,29,GSW,52,18,1487,255,606,.421,85,232,.366,170,374,.455,.491,140,182,.769,22,109,131,360,74,11,125,131,735
155,Tim Hardaway\hardati01,PG,29,MIA,28,28,1047,164,386,.425,53,147,.361,111,239,.464,.494,101,123,.821,13,85,98,280,58,6,110,70,482
156,Derek Harper\harpede01,PG,34,NYK,82,82,2893,436,939,.464,121,325,.372,315,614,.513,.529,156,206,.757,32,170,202,352,131,5,178,201,1149
157,Ron Harper\harpero01,PG,32,CHI,80,80,1886,234,501,.467,28,104,.269,206,397,.519,.495,98,139,.705,74,139,213,208,105,32,73,137,594
158,Lucious Harris\harrilu01,SG,25,DAL,61,1,1016,183,397,.461,47,125,.376,136,272,.500,.520,68,87,.782,41,81,122,79,35,3,46,56,481
159,Antonio Harvey\harvean01,PF,25,TOT,55,15,821,83,224,.371,0,2,.000,83,222,.374,.371,38,83,.458,69,131,200,15,27,47,44,76,204
159,Antonio Harvey\harvean01,PF,25,VAN,18,6,410,39,95,.411,0,2,.000,39,93,.419,.411,20,43,.465,27,67,94,9,14,21,18,38,98
159,Antonio Harvey\harvean01,PF,25,LAC,37,9,411,44,129,.341,0,0,,44,129,.341,.341,18,40,.450,42,64,106,6,13,26,26,38,106
160,Hersey Hawkins\hawkihe01,SG,29,SEA,82,82,2823,443,936,.473,146,380,.384,297,556,.534,.551,249,285,.874,86,211,297,218,149,14,164,172,1281
161,Alvin Heggs\heggsal01,SF,28,HOU,4,0,14,3,5,.600,0,0,,3,5,.600,.600,2,3,.667,1,1,2,0,0,0,0,0,8
162,Alan Henderson\hendeal01,PF,23,ATL,79,4,1416,192,434,.442,0,3,.000,192,431,.445,.442,119,200,.595,164,192,356,51,44,43,87,217,503
163,Carl Herrera\herreca01,PF,29,SAS,44,6,393,40,97,.412,0,1,.000,40,96,.417,.412,5,17,.294,30,51,81,16,9,8,29,61,85
164,Sean Higgins\higgise01,SF,27,PHI,44,4,916,134,323,.415,48,129,.372,86,194,.443,.489,35,37,.946,20,72,92,55,24,11,49,90,351
165,Grant Hill*\hillgr01,SF,23,DET,80,80,3260,564,1221,.462,5,26,.192,559,1195,.468,.464,485,646,.751,127,656,783,548,100,48,263,242,1618
166,Tyrone Hill\hillty01,PF,27,CLE,44,2,929,130,254,.512,0,0,,130,254,.512,.512,81,135,.600,94,150,244,33,31,20,64,144,341
167,Donald Hodge\hodgedo01,C,26,TOT,15,0,115,9,24,.375,0,0,,9,24,.375,.375,0,0,,9,14,23,4,1,8,2,26,18
167,Donald Hodge\hodgedo01,C,26,DAL,13,0,113,9,24,.375,0,0,,9,24,.375,.375,0,0,,9,13,22,4,1,8,2,26,18
167,Donald Hodge\hodgedo01,C,26,CHH,2,0,2,0,0,,0,0,,0,0,,,0,0,,0,1,1,0,0,0,0,0,0
168,Fred Hoiberg\hoibefr01,SG,23,IND,15,1,85,8,19,.421,1,3,.333,7,16,.438,.447,15,18,.833,4,5,9,8,6,1,7,12,32
169,Jeff Hornacek\hornaje01,SG,32,UTA,82,59,2588,442,880,.502,104,223,.466,338,657,.514,.561,259,290,.893,62,147,209,340,106,20,127,171,1247
170,Robert Horry\horryro01,SF,25,HOU,71,71,2634,300,732,.410,142,388,.366,158,344,.459,.507,111,143,.776,97,315,412,281,116,109,160,197,853
171,Allan Houston\houstal01,SG,24,DET,82,75,3072,564,1244,.453,191,447,.427,373,797,.468,.530,298,362,.823,54,246,300,250,61,16,233,233,1617
172,Byron Houston\houstby01,PF,26,SAC,25,0,276,32,64,.500,1,3,.333,31,61,.508,.508,21,26,.808,31,53,84,7,13,7,17,59,86
173,Juwan Howard\howarju01,PF,22,WSB,81,81,3294,733,1500,.489,4,13,.308,729,1487,.490,.490,319,426,.749,188,472,660,360,67,39,303,269,1789
174,Lindsey Hunter\hunteli01,PG,25,DET,80,48,2138,239,628,.381,117,289,.405,122,339,.360,.474,84,120,.700,44,150,194,188,84,18,80,185,679
175,Bobby Hurley\hurlebo01,PG,24,SAC,72,22,1059,65,230,.283,22,76,.289,43,154,.279,.330,68,85,.800,12,63,75,216,28,3,86,121,220
176,Jaren Jackson\jacksja01,SG,28,HOU,4,0,33,0,8,.000,0,5,.000,0,3,.000,.000,8,10,.800,0,3,3,0,1,0,0,5,8
177,Jim Jackson\jacksji01,SG,25,DAL,82,82,2820,569,1308,.435,121,333,.363,448,975,.459,.481,345,418,.825,173,237,410,235,47,22,191,165,1604
178,Mark Jackson\jacksma01,PG,30,IND,81,81,2643,296,626,.473,64,149,.430,232,477,.486,.524,150,191,.785,66,241,307,635,100,5,201,153,806
179,Henry James\jameshe01,PF,30,HOU,7,0,58,10,24,.417,5,15,.333,5,9,.556,.521,5,5,1.000,3,3,6,2,0,0,4,13,30
180,Avery Johnson\johnsav01,PG,30,SAS,82,82,3084,438,887,.494,6,31,.194,432,856,.505,.497,189,262,.721,37,169,206,789,119,21,195,179,1071
181,Darryl Johnson\johnsda02,PG,30,CLE,11,0,28,5,12,.417,0,1,.000,5,11,.455,.417,2,2,1.000,2,0,2,1,0,0,1,3,12
182,Eddie Johnson\johnsed03,SF,36,IND,62,1,1002,180,436,.413,45,128,.352,135,308,.438,.464,70,79,.886,45,108,153,69,20,4,56,104,475
183,Ervin Johnson\johnser02,C,28,SEA,81,60,1519,180,352,.511,1,3,.333,179,349,.513,.513,85,127,.669,129,304,433,48,40,129,98,245,446
184,Kevin Johnson\johnske02,PG,29,PHO,56,55,2007,342,674,.507,21,57,.368,321,617,.520,.523,342,398,.859,42,179,221,517,82,13,170,144,1047
185,Larry Johnson\johnsla02,PF,26,CHH,81,81,3274,583,1225,.476,67,183,.366,516,1042,.495,.503,427,564,.757,249,434,683,355,55,43,182,173,1660
186,Magic Johnson*\johnsma02,PF,36,LAL,32,9,958,137,294,.466,22,58,.379,115,236,.487,.503,172,201,.856,40,143,183,220,26,13,103,48,468
187,Charles Jones\jonesch01,PF,38,HOU,46,0,297,6,19,.316,0,0,,6,19,.316,.316,4,13,.308,28,46,74,12,5,24,3,44,16
188,Eddie Jones\jonesed02,SG,24,LAL,70,66,2184,337,685,.492,83,227,.366,254,458,.555,.553,136,184,.739,45,188,233,246,129,45,99,162,893
189,Popeye Jones\jonespo01,PF,25,DAL,68,68,2322,327,733,.446,14,39,.359,313,694,.451,.456,102,133,.767,260,477,737,132,54,27,109,262,770
190,Michael Jordan*\jordami01,SG,32,CHI,82,82,3090,916,1850,.495,111,260,.427,805,1590,.506,.525,548,657,.834,148,395,543,352,180,42,197,195,2491
191,Reggie Jordan\jordare01,PG,28,ATL,24,0,247,36,71,.507,0,0,,36,71,.507,.507,22,38,.579,23,29,52,29,12,7,19,30,94
192,Adam Keefe\keefead01,PF,25,UTA,82,0,1708,180,346,.520,0,4,.000,180,342,.526,.520,139,201,.692,176,279,455,64,51,41,88,174,499
193,Shawn Kemp\kempsh01,PF,26,SEA,79,76,2631,526,937,.561,5,12,.417,521,925,.563,.564,493,664,.742,276,628,904,173,93,127,315,299,1550
194,Tim Kempton\kemptti01,PF,32,ATL,3,0,11,0,0,,0,0,,0,0,,,0,0,,0,2,2,1,0,0,1,5,0
195,Steve Kerr\kerrst01,PG,30,CHI,82,0,1919,244,482,.506,122,237,.515,122,245,.498,.633,78,84,.929,25,85,110,192,63,2,42,109,688
196,Jerome Kersey\kerseje01,SF,33,GSW,76,58,1620,205,500,.410,3,17,.176,202,483,.418,.413,97,147,.660,154,209,363,114,91,45,75,205,510
197,Randolph Keys\keysra01,SF,29,MIL,69,1,816,87,208,.418,22,71,.310,65,137,.474,.471,36,43,.837,41,84,125,65,32,14,33,139,232
198,Jason Kidd*\kiddja01,PG,22,DAL,81,81,3034,493,1293,.381,133,396,.336,360,897,.401,.433,229,331,.692,203,350,553,783,175,26,328,155,1348
199,Chris King\kingch01,SF,26,VAN,80,66,1930,250,585,.427,44,113,.389,206,472,.436,.465,90,136,.662,102,183,285,104,68,33,103,163,634
200,Frankie King\kingfr01,PG,23,LAL,6,0,20,3,11,.273,0,1,.000,3,10,.300,.273,1,3,.333,1,1,2,2,2,0,2,4,7
201,Jimmy King\kingji02,SG,22,TOR,62,1,868,110,255,.431,5,34,.147,105,221,.475,.441,54,77,.701,43,67,110,88,21,13,60,76,279
202,Stacey King\kingst01,PF,29,MIA,15,0,156,17,36,.472,0,0,,17,36,.472,.472,4,8,.500,9,14,23,2,7,2,18,39,38
203,Joe Kleine\kleinjo01,C,34,PHO,56,9,663,71,169,.420,2,7,.286,69,162,.426,.426,20,25,.800,36,96,132,44,13,6,37,113,164
204,Jon Koncak\koncajo01,C,32,ORL,67,35,1288,84,175,.480,3,9,.333,81,166,.488,.489,32,57,.561,63,209,272,51,27,44,41,226,203
205,Toni Kukoc\kukocto01,SF,27,CHI,81,20,2103,386,787,.490,87,216,.403,299,571,.524,.546,206,267,.772,115,208,323,287,64,28,114,150,1065
206,Christian Laettner\laettch01,C,26,TOT,74,71,2495,442,907,.487,9,39,.231,433,868,.499,.492,324,396,.818,184,354,538,197,71,71,187,276,1217
206,Christian Laettner\laettch01,C,26,MIN,44,44,1518,283,582,.486,9,31,.290,274,551,.497,.494,217,266,.816,98,204,302,129,40,43,112,157,792
206,Christian Laettner\laettch01,C,26,ATL,30,27,977,159,325,.489,0,8,.000,159,317,.502,.489,107,130,.823,86,150,236,68,31,28,75,119,425
207,Andrew Lang\langan01,C,29,TOT,71,69,2365,353,790,.447,1,5,.200,352,785,.448,.447,125,156,.801,153,302,455,65,42,126,124,241,832
207,Andrew Lang\langan01,C,29,ATL,51,51,1815,281,619,.454,0,3,.000,281,616,.456,.454,95,118,.805,111,223,334,62,35,85,94,178,657
207,Andrew Lang\langan01,C,29,MIN,20,18,550,72,171,.421,1,2,.500,71,169,.420,.424,30,38,.789,42,79,121,3,7,41,30,63,175
208,Antonio Lang\langan02,SF,23,CLE,41,0,367,41,77,.532,0,2,.000,41,75,.547,.532,34,47,.723,17,36,53,12,14,12,24,61,116
209,Eric Leckner\leckner01,C,29,DET,18,8,155,18,29,.621,0,0,,18,29,.621,.621,8,13,.615,8,26,34,1,2,4,11,30,44
210,Tim Legler\legleti01,SG,29,WSB,77,0,1775,233,460,.507,128,245,.522,105,215,.488,.646,132,153,.863,29,111,140,136,45,12,45,141,726
211,Voshon Lenard\lenarvo01,SG,22,MIA,30,0,323,53,141,.376,36,101,.356,17,40,.425,.504,34,43,.791,12,40,52,31,6,1,23,31,176
212,Cedric Lewis\lewisce01,C,26,WSB,3,0,4,2,3,.667,0,0,,2,3,.667,.667,0,0,,2,0,2,0,1,0,0,0,4
213,Martin Lewis\lewisma01,SF,20,TOR,16,0,189,29,60,.483,2,7,.286,27,53,.509,.500,15,25,.600,15,14,29,3,8,3,14,21,75
214,Alton Lister\listeal01,C,37,TOT,64,19,735,51,105,.486,0,0,,51,105,.486,.486,41,64,.641,67,213,280,19,6,42,48,136,143
214,Alton Lister\listeal01,C,37,MIL,7,5,88,4,9,.444,0,0,,4,9,.444,.444,2,2,1.000,7,22,29,4,0,3,4,15,10
214,Alton Lister\listeal01,C,37,BOS,57,14,647,47,96,.490,0,0,,47,96,.490,.490,39,62,.629,60,191,251,15,6,39,44,121,133
215,Brad Lohaus\lohaubr01,PF,31,TOT,55,8,598,71,175,.406,51,122,.418,20,53,.377,.551,4,5,.800,7,57,64,44,10,17,20,70,197
215,Brad Lohaus\lohaubr01,PF,31,SAS,32,1,273,39,96,.406,27,65,.415,12,31,.387,.547,2,3,.667,5,28,33,17,2,7,9,34,107
215,Brad Lohaus\lohaubr01,PF,31,NYK,23,7,325,32,79,.405,24,57,.421,8,22,.364,.557,2,2,1.000,2,29,31,27,8,10,11,36,90
216,Grant Long\longgr01,PF,29,ATL,82,82,3008,395,838,.471,31,86,.360,364,752,.484,.490,257,337,.763,248,540,788,183,108,34,157,233,1078
217,Luc Longley\longllu01,C,27,CHI,62,62,1641,242,502,.482,0,0,,242,502,.482,.482,80,103,.777,104,214,318,119,22,84,114,223,564
218,George Lynch\lynchge01,SF,25,LAL,76,6,1012,117,272,.430,4,13,.308,113,259,.436,.438,53,80,.663,82,127,209,51,47,10,40,106,291
219,Sam Mack\macksa01,SF,25,HOU,31,20,868,121,287,.422,54,135,.400,67,152,.441,.516,39,46,.848,18,80,98,79,22,9,28,75,335
220,Don MacLean\macledo01,SF,26,DEN,56,5,1107,233,547,.426,14,49,.286,219,498,.440,.439,145,198,.732,62,143,205,89,21,5,68,105,625
221,Mark Macon\maconma01,PG,26,DET,23,0,287,29,67,.433,7,15,.467,22,52,.423,.485,9,11,.818,10,12,22,16,15,0,9,34,74
222,Rick Mahorn\mahorri01,C,37,NJN,50,0,450,43,122,.352,0,1,.000,43,121,.355,.352,34,47,.723,31,79,110,16,14,13,30,72,120
223,Dan Majerle\majerda01,SF,30,CLE,82,15,2367,303,748,.405,146,414,.353,157,334,.470,.503,120,169,.710,70,235,305,214,81,34,93,131,872
224,Jeff Malone\malonje01,SG,34,TOT,32,3,510,76,193,.394,5,16,.313,71,177,.401,.407,29,32,.906,8,32,40,26,16,0,22,25,186
224,Jeff Malone\malonje01,SG,34,PHI,25,3,407,63,160,.394,5,16,.313,58,144,.403,.409,24,26,.923,8,24,32,19,13,0,19,19,155
224,Jeff Malone\malonje01,SG,34,MIA,7,0,103,13,33,.394,0,0,,13,33,.394,.394,5,6,.833,0,8,8,7,3,0,3,6,31
225,Karl Malone*\malonka01,PF,32,UTA,82,82,3113,789,1520,.519,16,40,.400,773,1480,.522,.524,512,708,.723,175,629,804,345,138,56,199,245,2106
226,Danny Manning\mannida01,PF,29,PHO,33,4,816,178,388,.459,3,14,.214,175,374,.468,.463,82,109,.752,30,113,143,65,38,24,77,121,441
227,Rich Manning\manniri01,PF,25,VAN,29,0,311,49,113,.434,0,1,.000,49,112,.438,.434,9,14,.643,16,39,55,7,3,6,17,37,107
228,Sarunas Marciulionis*\marcisa01,SG,31,SAC,53,0,1039,176,389,.452,64,157,.408,112,232,.483,.535,155,200,.775,20,57,77,118,52,4,96,112,571
229,Donny Marshall\marshdo02,SF,23,CLE,34,0,208,24,68,.353,7,30,.233,17,38,.447,.404,22,35,.629,9,17,26,7,8,2,7,26,77
230,Donyell Marshall\marshdo01,SF,22,GSW,62,6,934,125,314,.398,28,94,.298,97,220,.441,.443,64,83,.771,65,148,213,49,22,31,48,83,342
231,Cuonzo Martin\marticu01,SG,24,VAN,4,0,19,3,5,.600,3,3,1.000,0,2,.000,.900,0,2,.000,1,1,2,2,1,0,1,1,9
232,Darrick Martin\martida01,PG,24,TOT,59,16,1149,147,362,.406,20,69,.290,127,293,.433,.434,101,120,.842,16,66,82,217,53,3,107,123,415
232,Darrick Martin\martida01,PG,24,VAN,24,0,402,59,131,.450,5,22,.227,54,109,.495,.469,38,46,.826,13,25,38,61,27,1,37,47,161
232,Darrick Martin\martida01,PG,24,MIN,35,16,747,88,231,.381,15,47,.319,73,184,.397,.413,63,74,.851,3,41,44,156,26,2,70,76,254
233,Jamal Mashburn\mashbja01,SF,23,DAL,18,18,669,145,383,.379,35,102,.343,110,281,.391,.424,97,133,.729,37,60,97,50,14,3,55,39,422
234,Anthony Mason\masonan01,SF,29,NYK,82,82,3457,449,798,.563,0,0,,449,798,.563,.563,298,414,.720,220,544,764,363,69,34,211,246,1196
235,Tony Massenburg\masseto01,PF,28,TOT,54,28,1463,214,432,.495,0,3,.000,214,429,.499,.495,111,157,.707,127,225,352,30,28,20,73,140,539
235,Tony Massenburg\masseto01,PF,28,TOR,24,20,659,100,196,.510,0,0,,100,196,.510,.510,43,65,.662,52,114,166,18,13,9,35,67,243
235,Tony Massenburg\masseto01,PF,28,PHI,30,8,804,114,236,.483,0,3,.000,114,233,.489,.483,68,92,.739,75,111,186,12,15,11,38,73,296
236,Vernon Maxwell\maxweve01,PG,30,PHI,75,57,2467,410,1052,.390,146,460,.317,264,592,.446,.459,251,332,.756,39,190,229,330,96,12,215,182,1217
237,Lee Mayberry\maybele01,PG,25,MIL,82,20,1705,153,364,.420,75,189,.397,78,175,.446,.523,41,68,.603,21,69,90,302,64,10,89,144,422
238,Bob McCann\mccanbo01,PF,31,WSB,62,0,653,76,153,.497,1,2,.500,75,151,.497,.500,35,74,.473,46,97,143,24,21,15,42,116,188
239,George McCloud\mccloge01,SF,28,DAL,79,63,2846,530,1281,.414,257,678,.379,273,603,.453,.514,180,224,.804,116,263,379,212,113,38,166,212,1497
240,Clint McDaniel\mcdancl01,SG,23,SAC,12,0,71,8,23,.348,2,6,.333,6,17,.353,.391,12,16,.750,3,7,10,7,5,0,2,10,30
241,Antonio McDyess\mcdyean01,PF,21,DEN,76,75,2280,427,881,.485,0,4,.000,427,877,.487,.485,166,243,.683,229,343,572,75,54,114,154,250,1020
242,Jim McIlvaine\mcilvji01,C,23,WSB,80,6,1195,62,145,.428,0,0,,62,145,.428,.428,58,105,.552,66,164,230,11,21,166,36,171,182
243,Derrick McKey\mckeyde01,SF,29,IND,75,75,2440,346,712,.486,17,68,.250,329,644,.511,.498,170,221,.769,123,238,361,262,83,44,143,246,879
244,Aaron McKie\mckieaa01,SG,23,POR,81,73,2259,337,722,.467,38,117,.325,299,605,.494,.493,152,199,.764,86,218,304,205,92,21,135,205,864
245,Nate McMillan\mcmilna01,PG,31,SEA,55,14,1261,100,238,.420,46,121,.380,54,117,.462,.517,29,41,.707,41,169,210,197,95,18,75,143,275
246,Loren Meyer\meyerlo01,C,23,DAL,72,21,1266,145,330,.439,3,11,.273,142,319,.445,.444,70,102,.686,114,205,319,57,20,32,67,224,363
247,Anthony Miller\millean01,PF,24,LAL,27,0,123,15,35,.429,0,2,.000,15,33,.455,.429,6,10,.600,11,14,25,4,4,1,8,19,36
248,Oliver Miller\milleol01,PF,25,TOR,76,72,2516,418,795,.526,0,11,.000,418,784,.533,.526,146,221,.661,177,385,562,219,108,143,202,277,982
249,Reggie Miller*\millere01,SG,30,IND,76,76,2621,504,1066,.473,168,410,.410,336,656,.512,.552,430,498,.863,38,176,214,253,77,13,189,175,1606
250,Chris Mills\millsch01,SF,26,CLE,80,80,3060,454,971,.468,79,210,.376,375,761,.493,.508,218,263,.829,112,331,443,188,73,52,121,241,1205
251,Terry Mills\millste01,PF,28,DET,82,5,1656,283,675,.419,82,207,.396,201,468,.429,.480,121,157,.771,108,244,352,98,42,20,98,197,769
252,Harold Miner\minerha01,SG,24,CLE,19,0,136,23,52,.442,2,10,.200,21,42,.500,.462,13,13,1.000,4,8,12,8,0,0,14,23,61
253,Greg Minor\minorgr01,SG,24,BOS,78,47,1761,320,640,.500,7,27,.259,313,613,.511,.505,99,130,.762,93,164,257,146,36,11,78,161,746
254,Sam Mitchell\mitchsa01,SF,32,MIN,78,42,2145,303,618,.490,1,18,.056,302,600,.503,.491,237,291,.814,107,232,339,74,49,26,87,220,844
255,Eric Mobley\mobleer01,C,25,TOT,39,4,676,74,138,.536,1,2,.500,73,136,.537,.540,39,87,.448,54,86,140,22,14,24,50,87,188
255,Eric Mobley\mobleer01,C,25,MIL,5,3,65,2,7,.286,0,0,,2,7,.286,.286,2,4,.500,3,9,12,0,1,1,1,5,6
255,Eric Mobley\mobleer01,C,25,VAN,34,1,611,72,131,.550,1,2,.500,71,129,.550,.553,37,83,.446,51,77,128,22,13,23,49,82,182
256,Eric Montross\montrer01,C,24,BOS,61,59,1432,196,346,.566,0,0,,196,346,.566,.566,50,133,.376,119,233,352,43,19,29,83,181,442
257,Tracy Moore\mooretr01,SG,30,HOU,8,2,190,30,76,.395,13,30,.433,17,46,.370,.480,18,19,.947,10,12,22,6,2,0,8,16,91
258,Chris Morris\morrich01,SG,30,UTA,66,33,1424,265,606,.437,63,197,.320,202,409,.494,.489,98,127,.772,100,129,229,77,63,20,71,140,691
259,Lawrence Moten\motenla01,SG,23,VAN,44,3,573,112,247,.453,18,55,.327,94,192,.490,.490,49,75,.653,36,25,61,50,29,8,44,54,291
260,Alonzo Mourning*\mournal01,C,25,MIA,70,70,2671,563,1076,.523,9,30,.300,554,1046,.530,.527,488,712,.685,218,509,727,159,70,189,262,245,1623
261,Chris Mullin*\mullich01,SF,32,GSW,55,19,1617,269,539,.499,59,150,.393,210,389,.540,.554,137,160,.856,44,115,159,194,75,32,122,127,734
262,Todd Mundt\mundtto01,C,25,TOT,33,0,151,16,41,.390,0,0,,16,41,.390,.390,5,8,.625,11,17,28,3,2,5,3,29,37
262,Todd Mundt\mundtto01,C,25,ATL,24,0,118,13,32,.406,0,0,,13,32,.406,.406,5,8,.625,10,15,25,2,1,4,3,23,31
262,Todd Mundt\mundtto01,C,25,BOS,9,0,33,3,9,.333,0,0,,3,9,.333,.333,0,0,,1,2,3,1,1,1,0,6,6
263,Eric Murdock\murdoer01,PG,27,TOT,73,14,1673,244,587,.416,45,145,.310,199,442,.450,.454,114,143,.797,26,143,169,327,135,9,132,140,647
263,Eric Murdock\murdoer01,PG,27,MIL,9,0,193,24,66,.364,6,23,.261,18,43,.419,.409,8,12,.667,5,9,14,35,6,0,12,16,62
263,Eric Murdock\murdoer01,PG,27,VAN,64,14,1480,220,521,.422,39,122,.320,181,399,.454,.460,106,131,.809,21,134,155,292,129,9,120,124,585
264,Gheorghe Muresan\muresgh01,C,24,WSB,76,76,2242,466,798,.584,0,1,.000,466,797,.585,.584,172,278,.619,248,480,728,56,52,172,143,297,1104
265,Lamond Murray\murrala01,SF,22,LAC,77,32,1816,257,575,.447,37,116,.319,220,459,.479,.479,99,132,.750,89,157,246,84,61,25,108,151,650
266,Tracy Murray\murratr01,SF,24,TOR,82,37,2458,496,1092,.454,151,358,.422,345,734,.470,.523,182,219,.831,114,238,352,131,87,40,132,208,1325
267,Dikembe Mutombo*\mutomdi01,C,29,DEN,74,74,2713,284,569,.499,0,1,.000,284,568,.500,.499,246,354,.695,249,622,871,108,38,332,150,258,814
268,Pete Myers\myerspe01,SG,32,TOT,71,2,1092,91,247,.368,14,58,.241,77,189,.407,.397,80,122,.656,35,105,140,145,34,17,81,132,276
268,Pete Myers\myerspe01,SG,32,MIA,39,1,639,62,160,.388,11,42,.262,51,118,.432,.422,49,76,.645,21,52,73,97,14,11,56,75,184
268,Pete Myers\myerspe01,SG,32,CHH,32,1,453,29,87,.333,3,16,.188,26,71,.366,.351,31,46,.674,14,53,67,48,20,6,25,57,92
269,Howard Nathan\nathaho01,PG,24,ATL,5,0,15,5,9,.556,0,1,.000,5,8,.625,.556,3,4,.750,0,0,0,2,3,0,8,2,13
270,Johnny Newman\newmajo01,SG,32,MIL,82,82,2690,321,649,.495,61,162,.377,260,487,.534,.542,186,232,.802,66,134,200,154,90,15,108,257,889
271,Ken Norman\normake01,SF,31,ATL,34,28,770,127,273,.465,33,84,.393,94,189,.497,.526,17,48,.354,40,92,132,63,15,16,46,68,304
272,Ed O'Bannon\obanned01,SG,23,NJN,64,29,1253,156,400,.390,10,56,.179,146,344,.424,.403,77,108,.713,65,103,168,63,44,11,62,95,399
273,Shaquille O'Neal*\onealsh01,C,23,ORL,54,52,1946,592,1033,.573,1,2,.500,591,1031,.573,.574,249,511,.487,182,414,596,155,34,115,155,193,1434
274,Dan O'Sullivan\osullda01,C,27,TOR,5,2,139,13,35,.371,0,1,.000,13,34,.382,.371,7,8,.875,13,19,32,2,2,4,5,13,33
275,Charles Oakley\oaklech01,PF,32,NYK,53,51,1775,211,448,.471,7,26,.269,204,422,.483,.479,175,210,.833,162,298,460,137,58,14,104,195,604
276,Hakeem Olajuwon*\olajuha01,C,33,HOU,72,72,2797,768,1494,.514,3,14,.214,765,1480,.517,.515,397,548,.724,176,608,784,257,113,207,247,242,1936
277,Greg Ostertag\ostergr01,C,22,UTA,57,10,661,86,182,.473,0,0,,86,182,.473,.473,36,54,.667,57,118,175,5,5,63,25,91,208
278,Bo Outlaw\outlabo01,PF,24,LAC,80,3,985,107,186,.575,0,3,.000,107,183,.585,.575,72,162,.444,87,113,200,50,44,91,45,127,286
279,Doug Overton\overtdo01,PG,26,DEN,55,0,607,67,178,.376,8,26,.308,59,152,.388,.399,40,55,.727,8,55,63,106,13,5,40,49,182
280,Billy Owens\owensbi01,SF,26,TOT,62,51,1982,323,673,.480,5,18,.278,318,655,.485,.484,157,247,.636,143,268,411,204,49,38,164,192,808
280,Billy Owens\owensbi01,SF,26,MIA,40,40,1388,239,473,.505,0,6,.000,239,467,.512,.505,112,177,.633,94,192,286,134,30,22,113,132,590
280,Billy Owens\owensbi01,SF,26,SAC,22,11,594,84,200,.420,5,12,.417,79,188,.420,.433,45,70,.643,49,76,125,70,19,16,51,60,218
281,Robert Pack\packro01,PG,26,WSB,31,31,1084,190,444,.428,26,98,.265,164,346,.474,.457,154,182,.846,29,103,132,242,62,1,114,68,560
282,Robert Parish*\parisro01,C,42,CHH,74,34,1086,120,241,.498,0,0,,120,241,.498,.498,50,71,.704,89,214,303,29,21,54,50,80,290
283,Cherokee Parks\parksch02,C,23,DAL,64,3,869,101,247,.409,7,26,.269,94,221,.425,.423,41,62,.661,66,150,216,29,25,32,31,100,250
284,Gary Payton*\paytoga01,PG,27,SEA,81,81,3162,618,1276,.484,98,299,.328,520,977,.532,.523,229,306,.748,104,235,339,608,231,19,260,221,1563
285,Anthony Peeler\peelean01,SG,26,LAL,73,12,1608,272,602,.452,105,254,.413,167,348,.480,.539,61,86,.709,45,92,137,118,59,10,56,139,710
286,Mike Peplowski\peplomi01,C,25,TOT,7,0,17,3,5,.600,0,0,,3,5,.600,.600,1,3,.333,1,3,4,1,1,2,2,10,7
286,Mike Peplowski\peplomi01,C,25,WSB,2,0,5,0,0,,0,0,,0,0,,,0,0,,0,0,0,0,0,0,0,4,0
286,Mike Peplowski\peplomi01,C,25,MIL,5,0,12,3,5,.600,0,0,,3,5,.600,.600,1,3,.333,1,3,4,1,1,2,2,6,7
287,Will Perdue\perduwi01,C,30,SAS,80,22,1396,173,331,.523,0,1,.000,173,330,.524,.523,67,125,.536,175,310,485,33,28,75,86,183,413
288,Sam Perkins\perkisa01,PF,34,SEA,82,20,2169,325,797,.408,129,363,.355,196,434,.452,.489,191,241,.793,101,266,367,120,83,48,82,174,970
289,Elliot Perry\perryel01,PG,26,PHO,81,26,1668,261,549,.475,24,59,.407,237,490,.484,.497,151,194,.778,34,102,136,353,87,5,146,140,697
290,Tim Perry\perryti01,PF,30,TOT,30,1,254,31,65,.477,4,8,.500,27,57,.474,.508,5,9,.556,21,27,48,8,4,13,10,16,71
290,Tim Perry\perryti01,PF,30,PHI,8,0,87,8,18,.444,1,1,1.000,7,17,.412,.472,2,3,.667,6,7,13,2,2,3,3,5,19
290,Tim Perry\perryti01,PF,30,NJN,22,1,167,23,47,.489,3,7,.429,20,40,.500,.521,3,6,.500,15,20,35,6,2,10,7,11,52
291,Chuck Person\persoch01,SF,31,SAS,80,16,2131,308,705,.437,190,463,.410,118,242,.488,.572,67,104,.644,76,337,413,100,49,26,91,197,873
292,Wesley Person\persowe01,SG,24,PHO,82,47,2609,390,877,.445,117,313,.374,273,564,.484,.511,148,192,.771,56,265,321,138,55,22,89,148,1045
293,Bobby Phills\phillbo01,SG,26,CLE,72,69,2530,386,826,.467,93,211,.441,293,615,.476,.524,186,240,.775,62,199,261,271,102,27,126,192,1051
294,Eric Piatkowski\piatker01,SG,25,LAC,65,1,784,98,242,.405,38,114,.333,60,128,.469,.483,67,82,.817,40,63,103,48,24,10,45,83,301
295,Ricky Pierce\piercri01,SG,36,IND,76,2,1404,264,590,.447,35,104,.337,229,486,.471,.477,174,205,.849,40,96,136,101,57,6,93,188,737
296,Ed Pinckney\pincked01,PF,32,TOT,74,47,1710,171,335,.510,0,3,.000,171,332,.515,.510,136,179,.760,189,269,458,72,64,28,77,156,478
296,Ed Pinckney\pincked01,PF,32,TOR,47,24,1031,117,233,.502,0,3,.000,117,230,.509,.502,94,124,.758,115,167,282,50,31,17,54,101,328
296,Ed Pinckney\pincked01,PF,32,PHI,27,23,679,54,102,.529,0,0,,54,102,.529,.529,42,55,.764,74,102,176,22,33,11,23,55,150
297,Scottie Pippen*\pippesc01,SF,30,CHI,77,77,2825,563,1216,.463,150,401,.374,413,815,.507,.525,220,324,.679,152,344,496,452,133,57,207,198,1496
298,Olden Polynice\polynol01,C,31,SAC,81,80,2441,431,818,.527,1,3,.333,430,815,.528,.528,122,203,.601,257,507,764,58,52,66,127,250,985
299,Terry Porter\portete01,PG,32,MIN,82,40,2072,269,608,.442,71,226,.314,198,382,.518,.501,164,209,.785,36,176,212,452,89,15,173,154,773
300,Brent Price\pricebr01,PG,27,WSB,81,50,2042,252,534,.472,139,301,.462,113,233,.485,.602,167,191,.874,38,190,228,416,78,4,153,184,810
301,Mark Price\pricema01,PG,31,WSB,7,1,127,18,60,.300,10,30,.333,8,30,.267,.383,10,10,1.000,1,6,7,18,6,0,10,7,56
302,Kevin Pritchard\pritcke01,PG,28,WSB,2,0,22,2,3,.667,1,1,1.000,1,2,.500,.833,2,3,.667,0,2,2,7,2,0,0,3,7
303,Dino Radja*\radjadi01,PF,28,BOS,53,52,1984,426,852,.500,0,0,,426,852,.500,.500,191,275,.695,113,409,522,83,48,81,117,161,1043
304,Theo Ratliff\ratlith01,C,22,DET,75,2,1305,128,230,.557,0,1,.000,128,229,.559,.557,85,120,.708,110,187,297,13,16,116,56,144,341
305,Eldridge Recasner\recasel01,SG,28,HOU,63,27,1275,149,359,.415,81,191,.424,68,168,.405,.528,57,66,.864,31,113,144,170,23,5,61,111,436
306,Bryant Reeves\reevebr01,C,22,VAN,77,63,2460,401,877,.457,0,3,.000,401,874,.459,.457,219,299,.732,178,392,570,109,43,55,157,226,1021
307,Khalid Reeves\reevekh01,PG,23,TOT,51,12,833,95,227,.419,28,91,.308,67,136,.493,.480,61,82,.744,18,61,79,118,37,3,63,115,279
307,Khalid Reeves\reevekh01,PG,23,CHH,20,5,418,54,118,.458,11,36,.306,43,82,.524,.504,43,51,.843,11,29,40,72,16,1,30,46,162
307,Khalid Reeves\reevekh01,PG,23,NJN,31,7,415,41,109,.376,17,55,.309,24,54,.444,.454,18,31,.581,7,32,39,46,21,2,33,69,117
308,Don Reid\reiddo01,PF,22,DET,69,46,997,106,187,.567,0,0,,106,187,.567,.567,51,77,.662,78,125,203,11,47,40,41,199,263
309,J.R. Reid\reidjr01,PF,27,TOT,65,21,1313,160,324,.494,0,1,.000,160,323,.495,.494,107,142,.754,73,182,255,42,43,17,79,187,427
309,J.R. Reid\reidjr01,PF,27,SAS,32,5,643,72,164,.439,0,1,.000,72,163,.442,.439,64,87,.736,35,88,123,14,25,10,49,98,208
309,J.R. Reid\reidjr01,PF,27,NYK,33,16,670,88,160,.550,0,0,,88,160,.550,.550,43,55,.782,38,94,132,28,18,7,30,89,219
310,Terrence Rencher\renchte01,PG,22,TOT,36,1,405,33,100,.330,9,29,.310,24,71,.338,.375,31,46,.674,9,35,44,54,16,2,43,37,106
310,Terrence Rencher\renchte01,PG,22,MIA,34,1,397,32,99,.323,9,29,.310,23,70,.329,.369,30,43,.698,9,33,42,54,16,1,41,36,103
310,Terrence Rencher\renchte01,PG,22,PHO,2,0,8,1,1,1.000,0,0,,1,1,1.000,1.000,1,3,.333,0,2,2,0,0,1,2,1,3
311,Shawn Respert\respesh01,SG,23,MIL,62,0,845,113,292,.387,42,122,.344,71,170,.418,.459,35,42,.833,28,46,74,68,32,4,42,67,303
312,Jerry Reynolds\reynoje01,SF,33,MIL,19,0,191,21,53,.396,1,10,.100,20,43,.465,.406,13,21,.619,13,20,33,12,15,6,16,20,56
313,Glen Rice\ricegl01,SF,28,CHH,79,79,3142,610,1296,.471,171,403,.424,439,893,.492,.537,319,381,.837,86,292,378,232,91,19,163,217,1710
314,Pooh Richardson\richapo01,PG,29,LAC,63,61,2013,281,664,.423,94,245,.384,187,419,.446,.494,78,105,.743,35,123,158,340,77,13,95,134,734
315,Mitch Richmond*\richmmi01,SG,30,SAC,81,81,2946,611,1368,.447,225,515,.437,386,853,.453,.529,425,491,.866,54,215,269,255,125,19,220,233,1872
316,Isaiah Rider\rideris01,SG,24,MIN,75,68,2594,560,1206,.464,102,275,.371,458,931,.492,.507,248,296,.838,99,210,309,213,48,23,201,204,1470
317,Eric Riley\rileyer01,C,25,MIN,25,10,310,35,74,.473,0,1,.000,35,73,.479,.473,22,28,.786,32,44,76,5,8,16,17,42,92
318,Doc Rivers\riverdo01,PG,34,SAS,78,0,1235,108,290,.372,47,137,.343,61,153,.399,.453,48,64,.750,30,108,138,123,73,21,57,175,311
319,Fred Roberts\roberfr01,C,35,LAL,33,1,317,48,97,.495,4,14,.286,44,83,.530,.515,22,28,.786,18,29,47,26,16,4,24,24,122
320,Stanley Roberts\roberst01,C,25,LAC,51,7,795,141,304,.464,0,0,,141,304,.464,.464,74,133,.556,42,120,162,41,15,39,48,153,356
321,Alvin Robertson\roberal01,SG,33,TOR,77,69,2478,285,607,.470,41,151,.272,244,456,.535,.503,107,158,.677,110,232,342,323,166,36,183,268,718
322,Clifford Robinson\robincl02,SF,29,POR,78,76,2980,553,1306,.423,178,471,.378,375,835,.449,.492,360,542,.664,123,320,443,190,86,68,194,248,1644
323,David Robinson*\robinda01,C,30,SAS,82,82,3019,711,1378,.516,3,9,.333,708,1369,.517,.517,626,823,.761,319,681,1000,247,111,271,190,262,2051
324,Glenn Robinson\robingl01,SF,23,MIL,82,82,3249,627,1382,.454,90,263,.342,537,1119,.480,.486,316,389,.812,136,368,504,293,95,42,282,236,1660
325,James Robinson\robinja02,PG,25,POR,76,5,1627,229,574,.399,102,284,.359,127,290,.438,.488,89,135,.659,44,113,157,150,34,16,111,146,649
326,Rumeal Robinson\robinru01,PG,29,POR,43,14,715,92,221,.416,30,79,.380,62,142,.437,.484,33,51,.647,19,59,78,142,26,5,72,79,247
327,Dennis Rodman*\rodmade01,PF,34,CHI,64,57,2088,146,304,.480,3,27,.111,143,277,.516,.485,56,106,.528,356,596,952,160,36,27,138,196,351
328,Lou Roe\roelo01,SF,23,DET,49,2,372,32,90,.356,2,9,.222,30,81,.370,.367,24,32,.750,30,48,78,15,10,8,17,42,90
329,Carlos Rogers\rogerca01,PF,24,TOR,56,18,1043,178,344,.517,3,21,.143,175,323,.542,.522,71,130,.546,80,90,170,35,25,48,61,87,430
330,Rodney Rogers\rogerro01,SF,24,LAC,67,51,1950,306,641,.477,49,153,.320,257,488,.527,.516,113,180,.628,113,173,286,167,75,35,144,216,774
331,Sean Rooks\rooksse01,C,26,TOT,65,7,1117,144,285,.505,1,7,.143,143,278,.514,.507,135,202,.668,81,174,255,47,23,42,80,141,424
331,Sean Rooks\rooksse01,C,26,MIN,49,7,902,112,227,.493,1,6,.167,111,221,.502,.496,106,159,.667,60,144,204,38,19,28,49,106,331
331,Sean Rooks\rooksse01,C,26,ATL,16,0,215,32,58,.552,0,1,.000,32,57,.561,.552,29,43,.674,21,30,51,9,4,14,31,35,93
332,Jalen Rose\roseja01,SG,23,DEN,80,37,2134,290,604,.480,32,108,.296,258,496,.520,.507,191,277,.690,46,214,260,495,53,39,234,229,803
333,Donald Royal\royaldo01,SF,29,ORL,64,7,963,106,216,.491,0,2,.000,106,214,.495,.491,125,164,.762,57,96,153,42,29,15,52,97,337
334,Clifford Rozier\roziecl01,C,23,GSW,59,1,723,79,135,.585,0,2,.000,79,133,.594,.585,26,55,.473,71,100,171,22,19,30,40,135,184
335,Trevor Ruffin\ruffitr01,PG,25,PHI,61,23,1551,263,648,.406,104,284,.366,159,364,.437,.486,148,182,.813,21,111,132,269,43,2,149,132,778
336,Stefano Rusconi\ruscost01,PF,27,PHO,7,0,30,3,9,.333,0,0,,3,9,.333,.333,2,5,.400,3,3,6,3,0,2,3,10,8
337,Bryon Russell\russebr01,SF,25,UTA,59,9,577,56,142,.394,14,40,.350,42,102,.412,.444,48,67,.716,28,62,90,29,29,8,36,66,174
338,Arvydas Sabonis*\sabonar01,C,31,POR,73,21,1735,394,723,.545,39,104,.375,355,619,.574,.572,231,305,.757,147,441,588,130,64,78,154,211,1058
339,John Salley\sallejo01,PF,31,TOT,42,6,673,63,140,.450,0,0,,63,140,.450,.450,59,85,.694,46,94,140,54,19,27,55,110,185
339,John Salley\sallejo01,PF,31,TOR,25,6,482,51,105,.486,0,0,,51,105,.486,.486,47,65,.723,26,71,97,39,11,12,39,72,149
339,John Salley\sallejo01,PF,31,CHI,17,0,191,12,35,.343,0,0,,12,35,.343,.343,12,20,.600,20,23,43,15,8,15,16,38,36
340,Danny Schayes\schayda01,C,36,MIA,32,6,399,32,94,.340,0,0,,32,94,.340,.340,37,46,.804,29,60,89,9,11,16,23,60,101
341,Steve Scheffler\schefst01,C,28,SEA,35,2,181,24,45,.533,1,5,.200,23,40,.575,.544,9,19,.474,15,18,33,2,6,2,8,25,58
342,Dwayne Schintzius\schindw01,C,27,IND,33,8,297,49,110,.445,0,0,,49,110,.445,.445,13,21,.619,23,55,78,14,9,12,19,53,111
343,Detlef Schrempf\schrede01,SF,33,SEA,63,60,2200,360,740,.486,73,179,.408,287,561,.512,.536,287,370,.776,73,255,328,276,56,8,146,179,1080
344,Byron Scott\scottby01,SG,34,VAN,80,0,1894,271,676,.401,74,221,.335,197,455,.433,.456,203,243,.835,40,152,192,123,63,22,100,126,819
345,Dennis Scott\scottde01,SF,27,ORL,82,82,3041,491,1117,.440,267,628,.425,224,489,.458,.559,182,222,.820,63,246,309,243,90,29,122,169,1431
346,Malik Sealy\sealyma01,SF,25,LAC,62,48,1601,272,655,.415,21,100,.210,251,555,.452,.431,147,184,.799,76,164,240,116,84,28,113,150,712
347,Rony Seikaly\seikaro01,C,30,GSW,64,60,1813,285,568,.502,2,3,.667,283,565,.501,.504,204,282,.723,166,333,499,71,40,69,180,219,776
348,Brian Shaw\shawbr01,PG,29,ORL,75,1,1679,182,486,.374,41,144,.285,141,342,.412,.417,91,114,.798,58,166,224,336,58,11,173,160,496
349,Lionel Simmons\simmoli01,SF,27,SAC,54,5,810,86,217,.396,19,51,.373,67,166,.404,.440,55,75,.733,41,104,145,83,31,20,51,85,246
350,Dickey Simpkins\simpkdi01,PF,23,CHI,60,12,685,77,160,.481,1,1,1.000,76,159,.478,.484,61,97,.629,66,90,156,38,9,8,56,78,216
351,Scott Skiles\skilesc01,PG,31,PHI,10,9,236,20,57,.351,15,34,.441,5,23,.217,.482,8,10,.800,1,15,16,38,7,0,16,21,63
352,Reggie Slater\slatere01,PF,25,TOT,11,0,72,14,27,.519,0,0,,14,27,.519,.519,3,7,.429,4,11,15,2,2,3,9,11,31
352,Reggie Slater\slatere01,PF,25,POR,4,0,20,3,5,.600,0,0,,3,5,.600,.600,0,0,,0,3,3,0,1,2,3,1,6
352,Reggie Slater\slatere01,PF,25,DEN,4,0,26,6,11,.545,0,0,,6,11,.545,.545,2,5,.400,3,4,7,2,1,1,3,4,14
352,Reggie Slater\slatere01,PF,25,DAL,3,0,26,5,11,.455,0,0,,5,11,.455,.455,1,2,.500,1,4,5,0,0,0,3,6,11
353,Charles Smith\smithch02,PG,28,MIN,8,0,39,3,10,.300,0,3,.000,3,7,.429,.300,0,2,.000,0,5,5,6,1,0,5,7,6
354,Charles Smith\smithch01,PF,30,TOT,73,34,1716,244,578,.422,2,15,.133,242,563,.430,.424,119,163,.730,133,229,362,65,50,80,106,224,609
354,Charles Smith\smithch01,PF,30,NYK,41,4,890,114,294,.388,2,15,.133,112,279,.401,.391,73,103,.709,59,101,160,29,18,51,61,124,303
354,Charles Smith\smithch01,PF,30,SAS,32,30,826,130,284,.458,0,0,,130,284,.458,.458,46,60,.767,74,128,202,36,32,29,45,100,306
355,Doug Smith\smithdo03,PF,26,BOS,17,2,92,14,39,.359,0,0,,14,39,.359,.359,5,8,.625,12,10,22,4,3,0,11,21,33
356,Joe Smith\smithjo02,PF,20,GSW,82,82,2821,469,1024,.458,10,28,.357,459,996,.461,.463,303,392,.773,300,417,717,79,85,134,138,224,1251
357,Kenny Smith\smithke01,PG,30,HOU,68,56,1617,201,464,.433,91,238,.382,110,226,.487,.531,87,106,.821,21,75,96,245,47,3,100,116,580
358,Michael Smith\smithmi02,PF,23,SAC,65,0,1384,144,238,.605,1,1,1.000,143,237,.603,.607,68,177,.384,143,246,389,110,47,46,72,166,357
359,Steve Smith\smithst01,SG,26,ATL,80,80,2856,494,1143,.432,140,423,.331,354,720,.492,.493,318,385,.826,124,202,326,224,68,17,151,207,1446
360,Tony Smith\smithto02,SG,27,TOT,59,3,938,116,274,.423,38,116,.328,78,158,.494,.493,28,46,.609,30,65,95,154,37,10,66,106,298
360,Tony Smith\smithto02,SG,27,PHO,34,2,528,70,173,.405,25,77,.325,45,96,.469,.477,24,37,.649,24,32,56,86,21,5,40,60,189
360,Tony Smith\smithto02,SG,27,MIA,25,1,410,46,101,.455,13,39,.333,33,62,.532,.520,4,9,.444,6,33,39,68,16,5,26,46,109
361,Rik Smits\smitsri01,C,29,IND,63,63,1901,466,894,.521,1,5,.200,465,889,.523,.522,231,293,.788,119,314,433,110,21,45,160,226,1164
362,Eric Snow\snower01,PG,22,SEA,43,1,389,42,100,.420,2,10,.200,40,90,.444,.430,29,49,.592,9,34,43,73,28,0,38,53,115
363,Elmore Spencer\spencel01,C,26,TOT,17,0,58,5,13,.385,0,0,,5,13,.385,.385,4,6,.667,3,10,13,1,0,2,6,12,14
363,Elmore Spencer\spencel01,C,26,DEN,6,0,21,0,1,.000,0,0,,0,1,.000,.000,0,0,,1,3,4,0,0,0,3,8,0
363,Elmore Spencer\spencel01,C,26,POR,11,0,37,5,12,.417,0,0,,5,12,.417,.417,4,6,.667,2,7,9,1,0,2,3,4,14
364,Felton Spencer\spencfe01,C,28,UTA,71,70,1267,146,281,.520,0,0,,146,281,.520,.520,104,151,.689,100,206,306,11,20,54,77,240,396
365,Latrell Sprewell\sprewla01,SG,25,GSW,78,78,3064,515,1202,.428,91,282,.323,424,920,.461,.466,352,446,.789,124,256,380,328,127,45,222,150,1473
366,Jerry Stackhouse\stackje01,SG,21,PHI,72,71,2701,452,1091,.414,93,292,.318,359,799,.449,.457,387,518,.747,90,175,265,278,76,79,252,179,1384
367,John Starks\starkjo01,SG,30,NYK,81,71,2491,375,846,.443,143,396,.361,232,450,.516,.528,131,174,.753,31,206,237,315,103,11,156,226,1024
368,Bryant Stith\stithbr01,SG,25,DEN,82,77,2810,379,911,.416,41,148,.277,338,763,.443,.439,320,379,.844,125,275,400,241,114,16,157,187,1119
369,John Stockton*\stockjo01,PG,33,UTA,82,82,2915,440,818,.538,95,225,.422,345,593,.582,.596,234,282,.830,54,172,226,916,140,15,246,207,1209
370,Damon Stoudamire\stoudda01,PG,22,TOR,70,70,2865,481,1129,.426,133,337,.395,348,792,.439,.485,236,296,.797,59,222,281,653,98,19,267,166,1331
371,Rod Strickland\stricro02,PG,29,POR,67,63,2526,471,1023,.460,38,111,.342,433,912,.475,.479,276,423,.652,89,208,297,640,97,16,255,135,1256
372,Derek Strong\stronde01,PF,27,LAL,63,0,746,72,169,.426,1,9,.111,71,160,.444,.429,69,85,.812,60,118,178,32,18,12,20,80,214
373,Bob Sura\surabo01,SG,22,CLE,79,3,1150,148,360,.411,27,78,.346,121,282,.429,.449,99,141,.702,34,101,135,233,56,21,115,126,422
374,Greg Sutton\suttogr01,PG,28,TOT,48,2,655,85,217,.392,47,117,.402,38,100,.380,.500,35,46,.761,8,42,50,102,25,2,62,92,252
374,Greg Sutton\suttogr01,PG,28,CHH,18,0,190,20,50,.400,7,21,.333,13,29,.448,.470,15,19,.789,4,11,15,39,8,0,17,36,62
374,Greg Sutton\suttogr01,PG,28,PHI,30,2,465,65,167,.389,40,96,.417,25,71,.352,.509,20,27,.741,4,31,35,63,17,2,45,56,190
375,Larry Sykes\sykesla01,PF,22,BOS,1,0,2,0,0,,0,0,,0,0,,,0,0,,1,1,2,0,0,0,1,0,0
376,Zan Tabak\tabakza01,C,25,TOR,67,18,1332,225,414,.543,0,1,.000,225,413,.545,.543,64,114,.561,117,203,320,62,24,31,101,204,514
377,Kurt Thomas\thomaku01,PF,23,MIA,74,42,1655,274,547,.501,0,2,.000,274,545,.503,.501,118,178,.663,122,317,439,46,47,36,98,271,666
378,Brooks Thompson\thompbr01,PG,25,ORL,33,0,246,48,103,.466,25,64,.391,23,39,.590,.587,19,27,.704,4,20,24,31,12,0,24,35,140
379,LaSalle Thompson\thompla01,C,34,PHI,44,11,773,33,83,.398,0,0,,33,83,.398,.398,19,24,.792,62,137,199,26,19,20,37,125,85
380,Bob Thornton\thornbo01,PF,33,WSB,7,0,31,1,6,.167,0,0,,1,6,.167,.167,1,2,.500,6,6,12,0,1,0,1,7,3
381,Otis Thorpe\thorpot01,PF,33,DET,82,82,2841,452,853,.530,0,4,.000,452,849,.532,.530,257,362,.710,211,477,688,158,53,39,195,300,1161
382,Sedale Threatt\threase01,PG,34,LAL,82,8,1687,241,526,.458,60,169,.355,181,357,.507,.515,54,71,.761,20,75,95,269,68,11,74,178,596
383,Wayman Tisdale\tisdawa01,PF,31,PHO,63,6,1152,279,564,.495,0,0,,279,564,.495,.495,114,149,.765,55,159,214,58,15,36,63,188,672
384,Andy Toolson\toolsan01,SF,30,UTA,13,0,53,8,22,.364,3,12,.250,5,10,.500,.432,3,4,.750,0,6,6,1,0,0,2,12,22
385,Keith Tower\towerke01,C,25,LAC,34,1,305,32,72,.444,0,1,.000,32,71,.451,.444,18,26,.692,22,29,51,5,4,11,16,50,82
386,Gary Trent\trentga01,PF,21,POR,69,10,1219,220,429,.513,0,9,.000,220,420,.524,.513,78,141,.553,84,154,238,50,25,11,92,116,518
387,Jeff Turner\turneje01,PF,33,ORL,13,0,192,18,51,.353,9,27,.333,9,24,.375,.441,2,2,1.000,10,18,28,6,2,1,11,33,47
388,Nick Van Exel\vanexni01,PG,24,LAL,74,74,2513,396,950,.417,144,403,.357,252,547,.461,.493,163,204,.799,29,152,181,509,70,10,156,115,1099
389,Logan Vander Velden\vandelo01,SF,24,LAC,15,0,31,3,14,.214,0,5,.000,3,9,.333,.214,3,4,.750,1,5,6,1,0,0,0,4,9
390,David Vaughn\vaughda02,PF,22,ORL,33,0,266,27,80,.338,0,1,.000,27,79,.342,.338,10,18,.556,33,47,80,8,6,15,18,68,64
391,Loy Vaught\vaughlo01,PF,27,LAC,80,78,2966,571,1087,.525,7,19,.368,564,1068,.528,.529,149,205,.727,204,604,808,112,87,40,158,241,1298
392,Rasheed Wallace\wallara01,PF,21,WSB,65,51,1788,275,565,.487,27,82,.329,248,483,.513,.511,78,120,.650,93,210,303,85,42,54,103,206,655
393,Rex Walters\waltere01,SG,25,TOT,44,8,610,61,148,.412,22,66,.333,39,82,.476,.486,42,52,.808,13,42,55,106,25,4,41,53,186
393,Rex Walters\waltere01,SG,25,NJN,11,0,87,12,33,.364,3,12,.250,9,21,.429,.409,6,6,1.000,2,5,7,11,3,0,7,4,33
393,Rex Walters\waltere01,SG,25,PHI,33,8,523,49,115,.426,19,54,.352,30,61,.492,.509,36,46,.783,11,37,48,95,22,4,34,49,153
394,Charlie Ward\wardch01,PG,25,NYK,62,1,787,87,218,.399,33,99,.333,54,119,.454,.475,37,54,.685,29,73,102,132,54,6,79,98,244
395,Jamie Watson\watsoja01,SF,23,UTA,16,0,217,18,43,.419,3,7,.429,15,36,.417,.453,9,13,.692,5,22,27,24,8,2,17,30,48
396,Clarence Weatherspoon\weathcl01,SF,25,PHI,78,75,3096,491,1015,.484,0,2,.000,491,1013,.485,.484,318,426,.746,237,516,753,158,112,108,179,214,1300
397,Spud Webb\webbsp01,PG,32,TOT,77,21,1462,186,430,.433,47,129,.364,139,301,.462,.487,125,145,.862,26,74,100,294,52,7,110,109,544
397,Spud Webb\webbsp01,PG,32,ATL,51,0,817,104,222,.468,18,57,.316,86,165,.521,.509,74,87,.851,19,41,60,140,27,2,51,68,300
397,Spud Webb\webbsp01,PG,32,MIN,26,21,645,82,208,.394,29,72,.403,53,136,.390,.464,51,58,.879,7,33,40,154,25,5,59,41,244
398,Chris Webber\webbech01,PF,22,WSB,15,15,558,150,276,.543,15,34,.441,135,242,.558,.571,41,69,.594,37,77,114,75,27,9,49,51,356
399,Jeff Webster\webstje01,SF,24,WSB,11,0,58,8,23,.348,2,6,.333,6,17,.353,.391,0,0,,2,5,7,3,4,0,3,7,18
400,Bill Wennington\wennibi01,C,32,CHI,71,20,1065,169,343,.493,1,1,1.000,168,342,.491,.494,37,43,.860,58,116,174,46,21,16,37,171,376
401,Robert Werdann\werdaro01,C,25,NJN,13,0,93,16,32,.500,0,0,,16,32,.500,.500,7,13,.538,5,18,23,2,5,3,6,17,39
402,David Wesley\wesleda01,PG,25,BOS,82,53,2104,338,736,.459,116,272,.426,222,464,.478,.538,217,288,.753,68,196,264,390,100,11,159,207,1009
403,Doug West\westdo01,SG,28,MIN,73,16,1639,175,393,.445,1,13,.077,174,380,.458,.447,114,144,.792,48,113,161,119,30,17,81,228,465
404,Mark West\westma01,C,35,DET,47,21,682,61,126,.484,0,0,,61,126,.484,.484,28,45,.622,49,84,133,6,6,37,35,135,150
405,Dwayne Whitfield\whitfdw01,PF,23,TOR,8,1,122,13,30,.433,0,0,,13,30,.433,.433,14,22,.636,9,16,25,2,3,2,8,14,40
406,Chris Whitney\whitnch01,PG,24,WSB,21,0,335,45,99,.455,19,44,.432,26,55,.473,.551,41,44,.932,2,31,33,51,18,1,23,46,150
407,Gerald Wilkins\wilkige01,SG,32,VAN,28,14,738,77,205,.376,14,64,.219,63,141,.447,.410,20,23,.870,22,43,65,68,22,2,37,55,188
408,Buck Williams\willibu01,PF,35,POR,70,10,1672,192,384,.500,2,3,.667,190,381,.499,.503,125,187,.668,159,245,404,42,40,47,90,187,511
409,Eric Williams\willier01,SF,23,BOS,64,6,1470,241,546,.441,3,10,.300,238,536,.444,.444,200,298,.671,92,125,217,70,56,11,88,147,685
410,Herb Williams\willihe01,PF-C,37,TOT,44,2,571,62,152,.408,1,4,.250,61,148,.412,.411,13,20,.650,15,75,90,27,14,33,22,79,138
410,Herb Williams\willihe01,C,37,TOR,1,0,31,3,8,.375,0,0,,3,8,.375,.375,0,0,,1,7,8,0,1,2,0,4,6
410,Herb Williams\willihe01,PF,37,NYK,43,2,540,59,144,.410,1,4,.250,58,140,.414,.413,13,20,.650,14,68,82,27,13,31,22,75,132
411,Hot Rod Williams\williho01,C,33,PHO,62,58,1652,180,397,.453,0,1,.000,180,396,.455,.453,95,130,.731,129,243,372,62,46,90,62,170,455
412,Jayson Williams\willija01,PF,27,NJN,80,6,1858,279,660,.423,2,7,.286,277,653,.424,.424,161,272,.592,342,461,803,47,35,57,106,238,721
413,Lorenzo Williams\willilo01,C,26,DAL,65,61,1806,87,214,.407,0,1,.000,87,213,.408,.407,24,70,.343,234,287,521,85,48,122,78,226,198
414,Micheal Williams\willimi02,PG,29,MIN,9,7,189,13,40,.325,1,3,.333,12,37,.324,.338,28,33,.848,3,20,23,31,5,3,23,37,55
415,Monty Williams\willimo01,SF,24,TOT,31,0,184,27,68,.397,0,1,.000,27,67,.403,.397,14,20,.700,20,20,40,8,6,2,18,26,68
415,Monty Williams\willimo01,SF,24,NYK,14,0,62,7,22,.318,0,0,,7,22,.318,.318,5,8,.625,9,8,17,4,2,0,5,9,19
415,Monty Williams\willimo01,SF,24,SAS,17,0,122,20,46,.435,0,1,.000,20,45,.444,.435,9,12,.750,11,12,23,4,4,2,13,17,49
416,Reggie Williams\willire01,SF,31,DEN,52,5,817,94,254,.370,20,89,.225,74,165,.448,.409,33,39,.846,25,97,122,74,34,21,51,137,241
417,Scott Williams\willisc01,PF,27,PHI,13,1,193,15,29,.517,0,2,.000,15,27,.556,.517,10,12,.833,13,33,46,5,6,7,8,27,40
418,Walt Williams\williwa02,SF,25,TOT,73,73,2169,359,808,.444,114,293,.389,245,515,.476,.515,163,232,.703,99,220,319,230,85,58,151,238,995
418,Walt Williams\williwa02,SF,25,SAC,45,45,1381,235,540,.435,58,170,.341,177,370,.478,.489,130,172,.756,62,145,207,165,53,42,103,151,658
418,Walt Williams\williwa02,SF,25,MIA,28,28,788,124,268,.463,56,123,.455,68,145,.469,.567,33,60,.550,37,75,112,65,32,16,48,87,337
419,Corliss Williamson\willico02,SF,22,SAC,53,3,609,125,268,.466,0,3,.000,125,265,.472,.466,47,84,.560,56,58,114,23,11,9,76,115,297
420,Kevin Willis\willike02,PF,33,TOT,75,60,2135,325,712,.456,1,9,.111,324,703,.461,.457,143,202,.708,208,430,638,53,32,41,161,253,794
420,Kevin Willis\willike02,PF,33,MIA,47,42,1357,195,412,.473,0,5,.000,195,407,.479,.473,89,125,.712,134,286,420,34,19,25,99,158,479
420,Kevin Willis\willike02,PF,33,GSW,28,18,778,130,300,.433,1,4,.250,129,296,.436,.435,54,77,.701,74,144,218,19,13,16,62,95,315
421,Trevor Wilson\wilsotr01,PF,27,PHI,6,0,79,10,20,.500,0,0,,10,20,.500,.500,3,4,.750,7,7,14,4,3,0,1,9,23
422,David Wingate\wingada01,SG,32,SEA,60,3,695,88,212,.415,15,34,.441,73,178,.410,.450,32,41,.780,17,39,56,58,20,4,42,66,223
423,Dontonio Wingfield\wingfdo01,SF,21,POR,44,2,487,60,157,.382,19,63,.302,41,94,.436,.443,26,34,.765,45,59,104,28,20,6,31,73,165
424,Joe Wolf\wolfjo01,PF,31,TOT,64,8,1065,135,263,.513,0,6,.000,135,257,.525,.513,21,29,.724,49,138,187,63,15,5,42,163,291
424,Joe Wolf\wolfjo01,PF,31,CHH,1,0,18,0,1,.000,0,0,,0,1,.000,.000,0,0,,0,2,2,0,2,0,2,2,0
424,Joe Wolf\wolfjo01,PF,31,ORL,63,8,1047,135,262,.515,0,6,.000,135,256,.527,.515,21,29,.724,49,136,185,63,13,5,40,161,291
425,David Wood\woodda01,PF,31,TOT,62,0,772,75,174,.431,20,62,.323,55,112,.491,.489,38,50,.760,51,103,154,34,19,10,24,150,208
425,David Wood\woodda01,PF,31,GSW,21,0,96,7,14,.500,1,3,.333,6,11,.545,.536,7,8,.875,7,9,16,5,2,1,3,23,22
425,David Wood\woodda01,PF,31,PHO,4,0,34,1,6,.167,0,0,,1,6,.167,.167,2,2,1.000,2,3,5,2,1,0,2,9,4
425,David Wood\woodda01,PF,31,DAL,37,0,642,67,154,.435,19,59,.322,48,95,.505,.497,29,40,.725,42,91,133,27,16,9,19,118,182
426,Randy Woods\woodsra01,PG,25,DEN,8,0,72,6,22,.273,5,21,.238,1,1,1.000,.386,2,2,1.000,3,3,6,12,6,1,5,13,19
427,Haywoode Workman\workmha01,PG,30,IND,77,4,1164,101,259,.390,23,71,.324,78,188,.415,.434,54,73,.740,27,97,124,213,65,4,93,152,279
428,Sharone Wright\wrighsh01,C,23,TOT,57,38,1434,248,512,.484,1,3,.333,247,509,.485,.485,167,259,.645,148,208,356,38,30,49,109,163,664
428,Sharone Wright\wrighsh01,C,23,PHI,46,32,1136,183,384,.477,0,0,,183,384,.477,.477,117,186,.629,124,175,299,27,24,39,81,125,483
428,Sharone Wright\wrighsh01,C,23,TOR,11,6,298,65,128,.508,1,3,.333,64,125,.512,.512,50,73,.685,24,33,57,11,6,10,28,38,181
429,George Zidek\zidekge01,C,22,CHH,71,21,888,105,248,.423,0,0,,105,248,.423,.423,71,93,.763,69,114,183,16,9,7,38,170,281