
Rk,Player,Pos,Age,Tm,G,GS,MP,FG,FGA,FG%,3P,3PA,3P%,2P,2PA,2P%,eFG%,FT,FTA,FT%,ORB,DRB,TRB,AST,STL,BLK,TOV,PF,PTS
1,Tariq Abdul-Wahad\abdulta01,SG,24,SAC,49,49,1205,177,407,.435,6,21,.286,171,386,.443,.442,94,136,.691,72,114,186,50,50,16,70,121,454
2,Shareef Abdur-Rahim\abdursh01,SF,22,VAN,50,50,2021,386,893,.432,11,36,.306,375,857,.438,.438,369,439,.841,114,260,374,172,69,55,186,137,1152
3,Cory Alexander\alexaco01,PG,25,DEN,36,4,778,97,260,.373,30,105,.286,67,155,.432,.431,37,44,.841,7,67,74,119,35,5,69,77,261
4,Ray Allen*\allenra02,SG,23,MIL,50,50,1719,303,673,.450,74,208,.356,229,465,.492,.505,176,195,.903,57,155,212,178,53,7,122,117,856
5,Peter Aluma\alumape01,C,25,SAC,2,0,5,1,2,.500,0,0,,1,2,.500,.500,0,0,,1,1,2,0,1,1,2,4,2
6,Derek Anderson\anderde01,SG,24,CLE,38,13,978,125,314,.398,21,69,.304,104,245,.424,.432,138,165,.836,20,89,109,145,48,4,82,73,409
7,Kenny Anderson\anderke01,PG,28,BOS,34,33,1010,161,357,.451,6,24,.250,155,333,.465,.459,84,101,.832,24,79,103,193,33,2,71,78,412
8,Nick Anderson\anderni01,SF,31,ORL,47,39,1581,253,640,.395,96,277,.347,157,363,.433,.470,99,162,.611,51,226,277,91,64,15,83,72,701
9,Shandon Anderson\andersh01,SG,25,UTA,50,2,1072,162,363,.446,14,41,.341,148,322,.460,.466,89,125,.712,49,83,132,56,39,10,66,89,427
10,Chris Anstey\anstech01,C,24,DAL,41,4,470,50,139,.360,0,7,.000,50,132,.379,.360,34,48,.708,35,62,97,27,18,13,26,98,134
11,Greg Anthony\anthogr01,PG,31,POR,50,0,806,104,251,.414,49,125,.392,55,126,.437,.512,62,89,.697,14,49,63,100,66,3,55,75,319
12,B.J. Armstrong\armstbj01,PG,31,TOT,32,1,358,40,88,.455,7,15,.467,33,73,.452,.494,18,21,.857,2,37,39,61,12,0,25,31,105
12,B.J. Armstrong\armstbj01,PG,31,CHH,10,1,178,21,43,.488,6,8,.750,15,35,.429,.558,9,10,.900,1,15,16,27,3,0,10,16,57
12,B.J. Armstrong\armstbj01,PG,31,ORL,22,0,180,19,45,.422,1,7,.143,18,38,.474,.433,9,11,.818,1,22,23,34,9,0,15,15,48
13,Darrell Armstrong\armstda01,PG,30,ORL,50,15,1502,230,522,.441,69,189,.365,161,333,.483,.507,161,178,.904,53,127,180,335,108,4,158,90,690
14,Keith Askins\askinke01,SF,31,MIA,33,13,415,20,62,.323,8,29,.276,12,33,.364,.387,5,8,.625,10,34,44,10,17,3,13,58,53
15,Stacey Augmon\augmost01,SF,30,POR,48,21,874,78,174,.448,0,2,.000,78,172,.453,.448,52,76,.684,47,78,125,58,57,18,30,81,208
16,Isaac Austin\austiis01,C,29,ORL,49,49,1259,185,453,.408,2,7,.286,183,446,.410,.411,105,157,.669,83,154,237,89,47,35,114,125,477
17,Anthony Avent\aventan01,PF,29,UTA,5,0,44,4,13,.308,0,0,,4,13,.308,.308,1,2,.500,8,4,12,1,2,0,7,6,9
18,Thurl Bailey\baileth01,PF,37,UTA,43,0,543,78,175,.446,0,2,.000,78,173,.451,.446,25,34,.735,36,58,94,26,9,28,27,78,181
19,Toby Bailey\baileto01,SG,23,PHO,27,10,249,34,86,.395,1,5,.200,33,81,.407,.401,9,13,.692,24,30,54,13,9,2,11,24,78
20,LaMark Baker\bakerla01,PG,29,TOR,1,0,2,0,1,.000,0,0,,0,1,.000,.000,0,0,,0,0,0,0,0,0,1,0,0
21,Vin Baker\bakervi01,PF,27,SEA,34,31,1162,198,437,.453,0,3,.000,198,434,.456,.453,72,160,.450,86,125,211,56,32,34,76,121,468
22,Charles Barkley*\barklch01,PF,35,HOU,42,40,1526,240,502,.478,4,25,.160,236,477,.495,.482,192,267,.719,167,349,516,192,43,13,100,89,676
23,Dana Barros\barroda01,PG,31,BOS,50,16,1156,168,371,.453,64,160,.400,104,211,.493,.539,64,73,.877,16,89,105,208,52,5,88,64,464
24,Brent Barry\barrybr01,SG,27,CHI,37,30,1181,141,356,.396,52,172,.302,89,184,.484,.469,78,101,.772,39,105,144,116,42,11,72,98,412
25,Drew Barry\barrydr01,SG,25,SEA,17,0,183,10,32,.313,8,24,.333,2,8,.250,.438,9,13,.692,3,17,20,29,7,1,12,24,37
26,Jon Barry\barryjo01,SG,29,SAC,43,0,736,59,138,.428,24,79,.304,35,59,.593,.514,71,84,.845,25,71,96,112,53,5,47,61,213
27,Tony Battie\battito01,C,22,BOS,50,15,1121,147,283,.519,0,3,.000,147,280,.525,.519,41,61,.672,96,204,300,53,29,71,45,159,335
28,Corey Beck\beckco01,PG,27,TOT,24,0,180,18,39,.462,1,1,1.000,17,38,.447,.474,8,15,.533,6,22,28,20,9,2,13,26,45
28,Corey Beck\beckco01,PG,27,DET,8,0,30,4,8,.500,0,0,,4,8,.500,.500,2,2,1.000,3,2,5,0,2,0,2,5,10
28,Corey Beck\beckco01,PG,27,CHH,16,0,150,14,31,.452,1,1,1.000,13,30,.433,.468,6,13,.462,3,20,23,20,7,2,11,21,35
29,Benoit Benjamin\benjabe01,C,34,PHI,6,0,33,2,7,.286,0,0,,2,7,.286,.286,0,0,,3,5,8,1,0,0,3,6,4
30,Corey Benjamin\benjaco01,PG,20,CHI,31,1,320,44,117,.376,3,14,.214,41,103,.398,.389,27,40,.675,15,25,40,10,11,8,21,46,118
31,Mario Bennett\bennema01,PF,25,CHI,3,0,19,2,6,.333,0,0,,2,6,.333,.333,3,4,.750,2,3,5,0,1,0,1,4,7
32,Travis Best\besttr01,PG,26,IND,49,0,1043,127,305,.416,22,59,.373,105,246,.427,.452,70,83,.843,19,61,80,169,42,4,62,111,346
33,Mike Bibby\bibbymi01,PG,20,VAN,50,50,1758,260,605,.430,15,74,.203,245,531,.461,.442,127,169,.751,30,106,136,325,78,5,146,122,662
34,Chauncey Billups\billuch01,SG,22,DEN,45,41,1488,191,495,.386,85,235,.362,106,260,.408,.472,157,172,.913,24,72,96,173,58,14,98,115,624
35,Mookie Blaylock\blaylmo01,PG,31,ATL,48,48,1763,247,651,.379,77,251,.307,170,400,.425,.439,69,91,.758,45,179,224,278,99,9,115,61,640
36,Corie Blount\blounco01,PF,30,TOT,34,3,530,36,100,.360,0,1,.000,36,99,.364,.360,28,54,.519,58,93,151,12,19,16,21,74,100
36,Corie Blount\blounco01,PF,30,LAL,14,3,162,13,33,.394,0,1,.000,13,32,.406,.394,6,12,.500,24,22,46,2,1,4,6,27,32
36,Corie Blount\blounco01,PF,30,CLE,20,0,368,23,67,.343,0,0,,23,67,.343,.343,22,42,.524,34,71,105,10,18,12,15,47,68
37,Muggsy Bogues\boguemu01,PG,34,GSW,36,5,714,76,154,.494,0,6,.000,76,148,.514,.494,31,36,.861,16,57,73,134,43,1,47,44,183
38,Etdrick Bohannon\bohanet01,SF,25,WAS,2,0,4,0,0,,0,0,,0,0,,,0,0,,0,0,0,0,0,0,0,0,0
39,Keith Booth\boothke01,SF,24,CHI,39,4,432,49,151,.325,1,10,.100,48,141,.340,.328,21,42,.500,25,68,93,38,22,11,39,60,120
40,Bruce Bowen\bowenbr01,SF,27,BOS,30,1,494,26,93,.280,7,26,.269,19,67,.284,.317,11,24,.458,15,37,52,28,21,9,13,51,70
41,Earl Boykins\boykiea01,PG,22,TOT,22,0,221,30,79,.380,3,18,.167,27,61,.443,.399,2,3,.667,7,10,17,33,6,0,20,20,65
41,Earl Boykins\boykiea01,PG,22,NJN,5,0,51,10,21,.476,1,5,.200,9,16,.563,.500,0,0,,1,3,4,6,1,0,7,3,21
41,Earl Boykins\boykiea01,PG,22,CLE,17,0,170,20,58,.345,2,13,.154,18,45,.400,.362,2,3,.667,6,7,13,27,5,0,13,17,44
42,Shawn Bradley\bradlsh01,C,26,DAL,49,33,1294,167,348,.480,0,4,.000,167,344,.485,.480,86,115,.748,130,262,392,40,35,159,56,153,420
43,Terrell Brandon\brandte01,PG,28,TOT,36,34,1217,212,507,.418,12,47,.255,200,460,.435,.430,65,78,.833,27,107,134,309,63,10,74,82,501
43,Terrell Brandon\brandte01,PG,28,MIL,15,14,505,85,208,.409,7,28,.250,78,180,.433,.425,26,31,.839,11,42,53,104,24,3,36,25,203
43,Terrell Brandon\brandte01,PG,28,MIN,21,20,712,127,299,.425,5,19,.263,122,280,.436,.433,39,47,.830,16,65,81,205,39,7,38,57,298
44,Chucky Brown\brownch01,PF,30,CHH,48,21,1192,176,373,.472,15,40,.375,161,333,.483,.492,40,59,.678,36,138,174,57,16,19,38,106,407
45,Dee Brown\brownde01,PG,30,TOR,49,0,1377,187,495,.378,135,349,.387,52,146,.356,.514,40,55,.727,15,88,103,143,56,8,80,75,549
46,Gerald Brown\brownge02,SG,23,PHO,33,0,236,33,89,.371,3,10,.300,30,79,.380,.388,11,14,.786,5,17,22,31,5,1,22,21,80
47,P.J. Brown\brownpj01,PF,29,MIA,50,50,1611,229,477,.480,0,0,,229,477,.480,.480,113,146,.774,115,231,346,66,46,48,69,166,571
48,Randy Brown\brownra02,PG,30,CHI,39,32,1139,132,319,.414,0,10,.000,132,309,.427,.414,78,103,.757,27,105,132,149,68,8,80,93,342
49,Rick Brunson\brunsri01,PG,26,NYK,17,0,95,6,21,.286,0,5,.000,6,16,.375,.286,5,18,.278,3,7,10,19,9,0,12,8,17
50,Kobe Bryant\bryanko01,SG,20,LAL,50,50,1896,362,779,.465,27,101,.267,335,678,.494,.482,245,292,.839,53,211,264,190,72,50,157,153,996
51,Mark Bryant\bryanma01,PF,33,CHI,45,29,1204,168,348,.483,0,1,.000,168,347,.484,.483,71,110,.645,92,140,232,48,34,16,68,149,407
52,Jud Buechler\buechju01,SF,30,DET,50,0,1056,100,240,.417,61,148,.412,39,92,.424,.544,13,18,.722,29,104,133,57,37,13,21,83,274
53,Matt Bullard\bullama01,PF,31,HOU,41,0,413,43,114,.377,24,62,.387,19,52,.365,.482,7,10,.700,9,33,42,18,13,4,14,28,117
54,Scott Burrell\burresc01,SF,28,NJN,32,10,706,75,208,.361,28,72,.389,47,136,.346,.428,34,42,.810,32,87,119,45,40,11,23,82,212
55,Willie Burton\burtowi01,SF,30,CHH,3,0,18,1,7,.143,0,1,.000,1,6,.167,.143,2,4,.500,4,2,6,0,0,0,1,2,4
56,Mitchell Butler\butlemi02,SG,28,CLE,31,1,418,67,139,.482,11,29,.379,56,110,.509,.522,23,32,.719,13,31,44,22,15,4,29,41,168
57,Jason Caffey\caffeja01,PF,25,GSW,35,32,876,123,277,.444,0,1,.000,123,276,.446,.444,62,98,.633,79,126,205,18,24,9,75,113,308
58,Marcus Camby\cambyma01,C,24,NYK,46,0,945,136,261,.521,0,0,,136,261,.521,.521,57,103,.553,102,151,253,12,29,74,39,131,329
59,Elden Campbell\campbel01,C,30,TOT,49,33,1459,222,465,.477,0,1,.000,222,464,.478,.477,172,269,.639,126,271,397,69,39,73,80,159,616
59,Elden Campbell\campbel01,C,30,LAL,17,1,325,44,101,.436,0,0,,44,101,.436,.436,38,62,.613,38,58,96,8,1,16,22,51,126
59,Elden Campbell\campbel01,C,30,CHH,32,32,1134,178,364,.489,0,1,.000,178,363,.490,.489,134,207,.647,88,213,301,61,38,57,58,108,490
60,Antoine Carr\carran01,PF,37,HOU,18,0,152,21,52,.404,0,1,.000,21,51,.412,.404,5,7,.714,9,22,31,9,1,10,9,31,47
61,Chris Carr\carrch01,SG,24,TOT,39,4,445,76,205,.371,28,75,.373,48,130,.369,.439,27,40,.675,23,48,71,23,8,2,28,45,207
61,Chris Carr\carrch01,SG,24,MIN,11,2,81,9,26,.346,3,9,.333,6,17,.353,.404,2,4,.500,0,12,12,7,1,1,4,9,23
61,Chris Carr\carrch01,SG,24,NJN,28,2,364,67,179,.374,25,66,.379,42,113,.372,.444,25,36,.694,23,36,59,16,7,1,24,36,184
62,Cory Carr\carrco01,SG,23,CHI,42,7,624,71,216,.329,5,30,.167,66,186,.355,.340,24,32,.750,8,41,49,66,21,7,46,66,171
63,Vince Carter\cartevi01,SF,22,TOR,50,49,1760,345,766,.450,19,66,.288,326,700,.466,.463,204,268,.761,94,189,283,149,55,77,110,140,913
64,Sam Cassell\cassesa01,PG,29,TOT,8,3,199,39,93,.419,2,10,.200,37,83,.446,.430,47,50,.940,5,10,15,36,9,0,20,22,127
64,Sam Cassell\cassesa01,PG,29,NJN,4,3,100,21,49,.429,1,7,.143,20,42,.476,.439,29,31,.935,1,5,6,19,3,0,12,13,72
64,Sam Cassell\cassesa01,PG,29,MIL,4,0,99,18,44,.409,1,3,.333,17,41,.415,.420,18,19,.947,4,5,9,17,6,0,8,9,55
65,Kelvin Cato\catoke01,C,24,POR,43,0,545,58,129,.450,1,1,1.000,57,128,.445,.453,34,67,.507,49,101,150,19,23,56,27,100,151
66,Duane Causwell\causwdu01,C,30,MIA,19,1,137,20,35,.571,0,0,,20,35,.571,.571,4,12,.333,14,21,35,2,0,11,18,32,44
67,Cedric Ceballos\cebalce01,SF,29,DAL,13,5,352,59,140,.421,11,28,.393,48,112,.429,.461,34,49,.694,23,62,85,12,7,5,28,23,163
68,Rex Chapman\chapmre01,SG,31,PHO,38,35,1183,165,459,.359,53,151,.351,112,308,.364,.417,76,91,.835,12,92,104,109,34,9,54,46,459
69,Calbert Cheaney\cheanca01,SG,27,WAS,50,18,1266,172,415,.414,8,37,.216,164,378,.434,.424,33,67,.493,33,108,141,73,39,16,42,146,385
70,Pete Chilcutt\chilcpe01,PF,30,VAN,46,0,697,63,172,.366,26,68,.382,37,104,.356,.442,14,17,.824,29,88,117,30,22,12,28,52,166
71,Chris Childs\childch01,PG,31,NYK,48,0,1297,114,267,.427,36,94,.383,78,173,.451,.494,64,78,.821,18,115,133,193,44,1,85,156,328
72,Doug Christie\chrisdo01,SG,28,TOR,50,50,1768,252,650,.388,49,161,.304,203,489,.415,.425,207,246,.841,59,148,207,187,113,26,119,111,760
73,Keon Clark\clarkke01,C,23,DEN,28,0,409,36,80,.450,0,1,.000,36,79,.456,.450,21,37,.568,36,60,96,10,10,31,21,52,93
74,Keith Closs\closske01,C,22,LAC,15,0,87,12,23,.522,0,1,.000,12,22,.545,.522,8,10,.800,5,20,25,0,3,9,6,14,32
75,John Coker\cokerjo01,C,27,WAS,14,0,98,13,31,.419,0,0,,13,31,.419,.419,5,6,.833,7,15,22,0,1,2,2,17,31
76,Derrick Coleman\colemde01,PF,31,CHH,37,29,1178,168,406,.414,7,33,.212,161,373,.432,.422,143,190,.753,76,252,328,78,24,42,90,96,486
77,Bimbo Coles\colesbi01,PG,30,GSW,48,32,1272,183,414,.442,6,25,.240,177,389,.455,.449,83,101,.822,21,96,117,222,45,11,82,113,455
78,Marty Conlon\conloma01,C,31,MIA,7,0,35,3,13,.231,0,0,,3,13,.231,.231,2,2,1.000,1,4,5,1,0,1,3,6,8
79,Tyrone Corbin\corbity01,SF,36,ATL,47,6,1066,131,335,.391,38,119,.319,93,216,.431,.448,52,80,.650,37,108,145,43,31,7,43,74,352
80,James Cotton\cottoja02,SG,23,SEA,10,0,59,6,18,.333,0,3,.000,6,15,.400,.333,13,18,.722,2,8,10,0,3,0,3,6,25
81,Chris Crawford\crawfch01,PF,23,ATL,42,30,784,110,255,.431,11,33,.333,99,222,.446,.453,57,70,.814,37,53,90,24,10,13,48,106,288
82,Austin Croshere\croshau01,PF,23,IND,27,0,249,32,75,.427,8,29,.276,24,46,.522,.480,20,23,.870,16,29,45,10,7,8,23,32,92
83,John Crotty\crottjo01,PG,29,TOT,27,0,382,51,124,.411,14,36,.389,37,88,.420,.468,43,50,.860,8,23,31,63,11,0,33,31,159
83,John Crotty\crottjo01,PG,29,POR,3,0,19,4,8,.500,1,1,1.000,3,7,.429,.563,3,3,1.000,0,1,1,5,2,0,0,1,12
83,John Crotty\crottjo01,PG,29,SEA,24,0,363,47,116,.405,13,35,.371,34,81,.420,.461,40,47,.851,8,22,30,58,9,0,33,30,147
84,Terry Cummings\cummite01,PF,37,GSW,50,0,1011,186,424,.439,1,1,1.000,185,423,.437,.440,81,114,.711,95,160,255,58,46,10,58,168,454
85,William Cunningham\cunniwi01,C,24,TOT,16,6,162,3,18,.167,0,0,,3,18,.167,.167,0,2,.000,13,15,28,1,1,11,5,30,6
85,William Cunningham\cunniwi01,C,24,TOR,1,0,1,0,0,,0,0,,0,0,,,0,0,,0,0,0,0,0,0,0,0,0
85,William Cunningham\cunniwi01,C,24,NJN,15,6,161,3,18,.167,0,0,,3,18,.167,.167,0,2,.000,13,15,28,1,1,11,5,30,6
86,Bill Curley\curlebi01,PF,26,MIN,35,7,372,29,72,.403,1,5,.200,28,67,.418,.410,19,22,.864,20,31,51,14,17,9,10,83,78
87,Dell Curry\curryde01,SG,34,MIL,42,0,864,163,336,.485,69,145,.476,94,191,.492,.588,28,34,.824,18,67,85,48,36,3,45,42,423
88,Michael Curry\currymi01,SF,30,MIL,50,4,1146,90,206,.437,1,15,.067,89,191,.466,.439,63,79,.797,19,89,108,78,42,7,37,135,244
89,Erick Dampier\dampier01,C,23,GSW,50,50,1414,161,414,.389,0,0,,161,414,.389,.389,120,204,.588,164,218,382,54,26,58,92,165,442
90,Antonio Daniels\daniean01,PG,23,SAS,47,0,614,83,183,.454,5,17,.294,78,166,.470,.467,49,65,.754,13,41,54,106,30,6,44,39,220
91,Kornel David\davidko01,SF,27,CHI,50,6,902,109,243,.449,0,1,.000,109,242,.450,.449,90,111,.811,70,103,173,40,23,17,48,88,308
92,Antonio Davis\davisan01,PF,30,IND,49,1,1271,164,348,.471,0,0,,164,348,.471,.471,135,192,.703,116,228,344,33,22,42,50,136,463
93,Ben Davis\davisbe01,PF,26,NYK,8,0,21,7,17,.412,0,0,,7,17,.412,.412,3,6,.500,9,2,11,3,0,0,1,4,17
94,Dale Davis\davisda01,PF,29,IND,50,50,1374,161,302,.533,0,0,,161,302,.533,.533,76,123,.618,155,261,416,22,20,57,43,115,398
95,Hubert Davis\davishu01,SG,28,DAL,50,21,1378,174,397,.438,65,144,.451,109,253,.431,.520,44,50,.880,3,83,86,89,21,3,57,76,457
96,Mark Davis\davisma02,SF,25,MIA,4,1,35,2,6,.333,0,0,,2,6,.333,.333,5,6,.833,2,5,7,1,1,0,7,12,9
97,Ricky Davis\davisri01,SG,19,CHH,46,1,557,81,200,.405,2,12,.167,79,188,.420,.410,45,59,.763,40,44,84,58,30,7,54,46,209
98,Terry Davis\daviste01,C,31,WAS,37,34,578,49,92,.533,0,0,,49,92,.533,.533,28,38,.737,50,89,139,10,11,3,16,79,126
99,Andrew DeClercq\declean01,C,25,TOT,47,32,1102,138,276,.500,0,0,,138,276,.500,.500,95,141,.674,104,151,255,31,50,29,54,161,371
99,Andrew DeClercq\declean01,C,25,BOS,14,1,258,28,57,.491,0,0,,28,57,.491,.491,19,29,.655,33,30,63,10,13,9,22,51,75
99,Andrew DeClercq\declean01,C,25,CLE,33,31,844,110,219,.502,0,0,,110,219,.502,.502,76,112,.679,71,121,192,21,37,20,32,110,296
100,Terry Dehere\deherte01,SG-PG,27,TOT,26,0,291,31,85,.365,16,39,.410,15,46,.326,.459,5,7,.714,7,17,24,27,7,3,16,30,83
100,Terry Dehere\deherte01,PG,27,SAC,4,0,20,4,11,.364,1,5,.200,3,6,.500,.409,0,0,,2,0,2,1,2,0,2,2,9
100,Terry Dehere\deherte01,SG,27,VAN,22,0,271,27,74,.365,15,34,.441,12,40,.300,.466,5,7,.714,5,17,22,26,5,3,14,28,74
101,Vinny Del Negro\delnevi01,PG,32,MIL,48,7,1093,114,270,.422,13,30,.433,101,240,.421,.446,40,50,.800,14,88,102,174,33,3,55,62,281
102,Bison Dele\delebi01,C,29,DET,49,48,1177,216,431,.501,0,1,.000,216,430,.502,.501,81,118,.686,92,180,272,71,38,40,111,181,513
103,Tony Delk\delkto01,PG,25,GSW,36,13,630,92,253,.364,16,66,.242,76,187,.406,.395,46,71,.648,11,43,54,95,16,6,45,47,246
104,Michael Dickerson\dickemi01,SG,23,HOU,50,50,1558,215,462,.465,71,164,.433,144,298,.483,.542,46,72,.639,26,57,83,95,27,11,66,90,547
105,Vlade Divac\divacvl01,C,30,SAC,50,50,1761,262,557,.470,11,43,.256,251,514,.488,.480,179,255,.702,140,361,501,215,44,51,131,166,714
106,Michael Doleac\doleami01,C,21,ORL,49,0,780,125,267,.468,0,0,,125,267,.468,.468,54,80,.675,66,82,148,20,19,17,26,117,304
107,Sherman Douglas\douglsh01,PG,32,LAC,30,19,842,96,219,.438,0,11,.000,96,208,.462,.438,55,87,.632,16,42,58,124,27,3,61,54,247
108,Bryce Drew\drewbr01,PG,24,HOU,34,0,441,47,129,.364,16,49,.327,31,80,.388,.426,8,8,1.000,3,29,32,52,12,4,31,61,118
109,Chris Dudley\dudlech02,C,33,NYK,46,16,685,48,109,.440,0,0,,48,109,.440,.440,19,40,.475,79,114,193,7,13,38,24,116,115
110,Joe Dumars*\dumarjo01,SG,35,DET,38,38,1116,144,350,.411,89,221,.403,55,129,.426,.539,51,61,.836,12,56,68,134,23,2,53,51,428
111,Tim Duncan\duncati01,PF,22,SAS,50,50,1963,418,845,.495,1,7,.143,417,838,.498,.495,247,358,.690,159,412,571,121,45,126,146,147,1084
112,Blue Edwards\edwarbl01,SF,33,MIA,24,0,283,32,72,.444,4,10,.400,28,62,.452,.472,9,13,.692,7,26,33,30,17,5,21,23,77
113,Howard Eisley\eisleho01,PG,26,UTA,50,0,1038,140,314,.446,21,50,.420,119,264,.451,.479,67,80,.838,12,82,94,185,30,2,109,122,368
114,Mario Elie\eliema01,SG,35,SAS,47,37,1291,156,331,.471,40,107,.374,116,224,.518,.532,103,119,.866,36,101,137,89,46,12,61,91,455
115,Sean Elliott\elliose01,SF,30,SAS,50,50,1509,208,507,.410,39,119,.328,169,388,.436,.449,106,140,.757,35,178,213,117,26,17,71,104,561
116,Dale Ellis\ellisda01,SF,38,SEA,48,5,1232,174,395,.441,94,217,.433,80,178,.449,.559,53,70,.757,25,90,115,38,25,3,45,77,495
117,LaPhonso Ellis\ellisla01,PF,28,ATL,20,20,539,80,190,.421,1,5,.200,79,185,.427,.424,43,61,.705,25,84,109,18,8,7,34,48,204
118,Brian Evans\evansbr01,SF,25,TOT,16,0,145,13,44,.295,4,13,.308,9,31,.290,.341,4,4,1.000,6,13,19,15,5,3,2,8,34
118,Brian Evans\evansbr01,SF,25,NJN,11,0,121,11,34,.324,4,11,.364,7,23,.304,.382,4,4,1.000,4,13,17,14,3,3,2,7,30
118,Brian Evans\evansbr01,SF,25,MIN,5,0,24,2,10,.200,0,2,.000,2,8,.250,.200,0,0,,2,0,2,1,2,0,0,1,4
119,Patrick Ewing*\ewingpa01,C,36,NYK,38,38,1300,247,568,.435,0,2,.000,247,566,.436,.435,163,231,.706,74,303,377,43,30,100,99,105,657
120,Jamie Feick\feickja01,PF-C,24,TOT,28,16,852,67,134,.500,0,0,,67,134,.500,.500,43,60,.717,112,176,288,24,25,18,34,73,177
120,Jamie Feick\feickja01,C,24,MIL,2,0,3,0,1,.000,0,0,,0,1,.000,.000,0,0,,0,2,2,0,0,0,0,0,0
120,Jamie Feick\feickja01,PF,24,NJN,26,16,849,67,133,.504,0,0,,67,133,.504,.504,43,60,.717,112,174,286,24,25,18,34,73,177
121,Duane Ferrell\ferredu01,SF,33,GSW,8,0,46,1,14,.071,0,0,,1,14,.071,.071,3,4,.750,5,1,6,0,1,1,1,4,5
122,Danny Ferry\ferryda01,PF,32,CLE,50,10,1058,141,296,.476,38,97,.392,103,199,.518,.541,29,33,.879,16,86,102,53,23,10,39,113,349
123,Michael Finley\finlemi01,SF,25,DAL,50,50,2051,389,876,.444,45,136,.331,344,740,.465,.470,186,226,.823,69,194,263,218,66,15,107,96,1009
124,Derek Fisher\fishede01,PG,24,LAL,50,21,1131,99,263,.376,38,97,.392,61,166,.367,.449,60,79,.759,21,70,91,197,61,1,77,95,296
125,Danny Fortson\fortsda01,PF,22,DEN,50,38,1417,191,386,.495,0,3,.000,191,383,.499,.495,168,231,.727,210,371,581,32,31,22,77,212,550
126,Greg Foster\fostegr01,PF,30,UTA,42,1,458,52,138,.377,1,4,.250,51,134,.381,.380,13,21,.619,28,55,83,25,6,8,24,63,118
127,Rick Fox\foxri01,SF,29,LAL,44,1,944,148,330,.448,32,95,.337,116,235,.494,.497,66,89,.742,26,63,89,89,28,10,56,114,394
128,Adonal Foyle\foylead01,C,23,GSW,44,0,614,52,121,.430,0,0,,52,121,.430,.430,25,51,.490,79,115,194,18,15,43,31,90,129
129,Todd Fuller\fulleto02,C,24,UTA,42,2,462,56,124,.452,0,0,,56,124,.452,.452,30,50,.600,28,73,101,6,6,14,27,60,142
130,Lawrence Funderburke\fundela01,PF,28,SAC,47,2,936,167,299,.559,1,5,.200,166,294,.565,.560,85,120,.708,101,121,222,30,22,23,52,77,420
131,Kevin Garnett\garneke01,PF,22,MIN,47,47,1780,414,900,.460,4,14,.286,410,886,.463,.462,145,206,.704,166,323,489,202,78,83,135,152,977
132,Marlon Garnett\garnema01,PG,23,BOS,24,0,205,15,51,.294,6,23,.261,9,28,.321,.353,15,20,.750,3,18,21,18,5,1,12,18,51
133,Dean Garrett\garrede01,C,32,MIN,49,37,1054,116,231,.502,0,0,,116,231,.502,.502,38,51,.745,99,158,257,28,30,45,29,113,270
134,Pat Garrity\garripa01,PF,22,PHO,39,9,538,85,170,.500,7,18,.389,78,152,.513,.521,40,56,.714,26,49,75,18,8,3,20,62,217
135,Chris Gatling\gatlich01,C,31,TOT,48,3,775,117,265,.442,1,8,.125,116,257,.451,.443,37,93,.398,52,127,179,32,32,10,62,118,272
135,Chris Gatling\gatlich01,C,31,NJN,18,2,281,36,97,.371,0,1,.000,36,96,.375,.371,12,24,.500,21,44,65,12,8,4,29,40,84
135,Chris Gatling\gatlich01,C,31,MIL,30,1,494,81,168,.482,1,7,.143,80,161,.497,.485,25,69,.362,31,83,114,20,24,6,33,78,188
136,Andrew Gaze\gazean01,SG,33,SAS,19,0,58,8,25,.320,5,16,.313,3,9,.333,.420,0,0,,2,3,5,6,2,1,4,7,21
137,Matt Geiger\geigema01,C,29,PHI,50,40,1540,266,555,.479,1,5,.200,265,550,.482,.480,141,177,.797,137,225,362,58,39,40,101,157,674
138,Kendall Gill\gillke01,SF,30,NJN,50,47,1606,236,593,.398,2,17,.118,234,576,.406,.400,114,167,.683,61,183,244,123,134,26,71,162,588
139,Armen Gilliam\gilliar01,PF,34,MIL,34,5,668,101,223,.453,0,1,.000,101,222,.455,.453,79,101,.782,33,93,126,19,22,12,36,48,281
140,Brian Grant\grantbr01,PF,26,POR,48,46,1525,183,382,.479,0,0,,183,382,.479,.479,184,226,.814,173,297,470,67,21,34,96,136,550
141,Gary Grant\grantga01,PG,33,POR,2,0,7,0,1,.000,0,0,,0,1,.000,.000,0,0,,0,0,0,3,1,0,0,0,0
142,Harvey Grant\grantha01,PF,33,PHI,47,10,798,62,168,.369,1,6,.167,61,162,.377,.372,21,29,.724,36,74,110,23,20,16,21,73,146
143,Horace Grant\grantho01,PF,33,ORL,50,50,1660,198,456,.434,0,2,.000,198,454,.436,.434,47,70,.671,117,234,351,90,46,60,44,99,443
144,Paul Grant\grantpa01,C,25,TOT,6,0,13,2,6,.333,0,0,,2,6,.333,.333,0,0,,1,0,1,0,1,0,2,4,4
144,Paul Grant\grantpa01,C,25,MIN,4,0,8,1,4,.250,0,0,,1,4,.250,.250,0,0,,1,0,1,0,0,0,1,4,2
144,Paul Grant\grantpa01,C,25,MIL,2,0,5,1,2,.500,0,0,,1,2,.500,.500,0,0,,0,0,0,0,1,0,1,0,2
145,Ed Gray\grayed01,SG,23,ATL,30,3,337,53,182,.291,12,42,.286,41,140,.293,.324,28,37,.757,7,21,28,12,12,1,29,30,146
146,A.C. Green\greenac01,PF,35,DAL,50,35,924,108,256,.422,0,8,.000,108,248,.435,.422,30,52,.577,82,146,228,25,28,8,19,69,246
147,Litterial Green\greenli01,PG,28,CLE,1,0,2,0,1,.000,0,0,,0,1,.000,.000,0,0,,0,0,0,0,0,0,0,0,0
148,Tom Gugliotta\guglito01,PF,29,PHO,43,43,1563,277,573,.483,2,7,.286,275,566,.486,.485,173,218,.794,131,250,381,121,59,21,88,110,729
149,Tom Hammonds\hammoto01,PF,31,MIN,49,0,716,82,179,.458,0,0,,82,179,.458,.458,48,75,.640,54,82,136,20,8,7,32,88,212
150,Anfernee Hardaway\hardaan01,SG,27,ORL,50,50,1944,301,717,.420,40,140,.286,261,577,.452,.448,149,211,.706,74,210,284,266,111,23,150,111,791
151,Tim Hardaway\hardati01,PG,32,MIA,48,48,1772,301,752,.400,112,311,.360,189,441,.429,.475,121,149,.812,15,137,152,352,57,6,131,102,835
152,Derek Harper\harpede01,PG,37,LAL,45,29,1120,120,291,.412,43,117,.368,77,174,.443,.486,26,32,.813,13,54,67,187,44,4,52,66,309
153,Ron Harper\harpero01,SG,35,CHI,35,35,1107,147,390,.377,27,85,.318,120,305,.393,.412,71,101,.703,49,131,180,115,60,35,65,80,392
154,Matt Harpring\harprma01,SF,22,ORL,50,22,1114,148,320,.463,10,25,.400,138,295,.468,.478,102,143,.713,88,126,214,45,30,6,73,112,408
155,Al Harrington\harrial01,PF,18,IND,21,0,160,18,56,.321,0,5,.000,18,51,.353,.321,9,15,.600,20,19,39,5,4,2,11,26,45
156,Othella Harrington\harriot01,PF,25,HOU,41,10,903,156,304,.513,0,0,,156,304,.513,.513,88,122,.721,72,174,246,15,6,25,61,103,400
157,Lucious Harris\harrilu01,SG,28,NJN,36,5,602,73,181,.403,11,50,.220,62,131,.473,.434,36,48,.750,21,46,67,31,18,7,18,52,193
158,Hersey Hawkins\hawkihe01,SG,32,SEA,50,34,1644,171,408,.419,55,180,.306,116,228,.509,.487,119,132,.902,51,150,201,123,80,18,80,90,516
159,Michael Hawkins\hawkimi01,PG,26,SAC,24,0,203,14,40,.350,5,19,.263,9,21,.429,.413,3,3,1.000,10,15,25,27,3,1,13,14,36
160,Alan Henderson\hendeal01,SF,26,ATL,38,37,1142,187,423,.442,0,1,.000,187,422,.443,.442,100,149,.671,100,150,250,28,33,19,58,96,474
161,Cedric Henderson\hendece02,SF,23,CLE,50,48,1517,189,453,.417,2,12,.167,187,441,.424,.419,74,91,.813,45,152,197,113,58,24,97,136,454
162,J.R. Henderson\hendejr01,SF,22,VAN,30,0,331,35,96,.365,2,5,.400,33,91,.363,.375,25,45,.556,20,27,47,22,9,4,18,29,97
163,Mark Hendrickson\hendrma01,PF,24,NJN,22,6,399,39,88,.443,0,1,.000,39,87,.448,.443,42,50,.840,27,41,68,13,12,1,15,39,120
164,Steve Henson\hensost01,PG,30,DET,4,0,25,1,2,.500,0,0,,1,2,.500,.500,2,2,1.000,0,0,0,3,1,0,3,1,4
165,Carl Herrera\herreca01,PF,32,TOT,28,0,307,30,76,.395,0,1,.000,30,75,.400,.395,5,11,.455,25,37,62,4,12,7,16,41,65
165,Carl Herrera\herreca01,PF,32,VAN,4,0,42,3,13,.231,0,0,,3,13,.231,.231,0,2,.000,5,3,8,3,0,0,4,3,6
165,Carl Herrera\herreca01,PF,32,DEN,24,0,265,27,63,.429,0,1,.000,27,62,.435,.429,5,9,.556,20,34,54,1,12,7,12,38,59
166,Grant Hill*\hillgr01,SF,26,DET,50,50,1852,384,802,.479,0,14,.000,384,788,.487,.479,285,379,.752,65,290,355,300,80,27,184,114,1053
167,Tyrone Hill\hillty01,PF,30,TOT,38,23,1104,122,268,.455,0,0,,122,268,.455,.455,81,150,.540,115,172,287,35,34,16,59,145,325
167,Tyrone Hill\hillty01,PF,30,MIL,17,17,517,50,118,.424,0,0,,50,118,.424,.424,46,81,.568,51,83,134,17,18,8,24,68,146
167,Tyrone Hill\hillty01,PF,30,PHI,21,6,587,72,150,.480,0,0,,72,150,.480,.480,35,69,.507,64,89,153,18,16,8,35,77,179
168,Fred Hoiberg\hoibefr01,SG,26,IND,12,0,87,6,21,.286,1,9,.111,5,12,.417,.310,6,6,1.000,2,9,11,4,0,0,3,11,19
169,Jerald Honeycutt\honeyje01,PF,24,TOT,16,0,102,9,32,.281,5,17,.294,4,15,.267,.359,7,10,.700,3,9,12,3,5,2,9,16,30
169,Jerald Honeycutt\honeyje01,PF,24,MIL,3,0,12,2,5,.400,0,3,.000,2,2,1.000,.400,1,2,.500,0,1,1,0,1,0,1,6,5
169,Jerald Honeycutt\honeyje01,PF,24,PHI,13,0,90,7,27,.259,5,14,.357,2,13,.154,.352,6,8,.750,3,8,11,3,4,2,8,10,25
170,Jeff Hornacek\hornaje01,SG,35,UTA,48,48,1435,214,449,.477,34,81,.420,180,368,.489,.514,125,140,.893,33,127,160,192,52,14,82,95,587
171,Robert Horry\horryro01,PF,28,LAL,38,5,744,67,146,.459,20,45,.444,47,101,.465,.527,34,46,.739,56,96,152,56,36,39,49,103,188
172,Allan Houston\houstal01,SG,27,NYK,50,50,1815,294,703,.418,57,140,.407,237,563,.421,.459,168,195,.862,20,132,152,137,35,9,130,115,813
173,Juwan Howard\howarju01,SF,25,WAS,36,36,1430,286,604,.474,0,3,.000,286,601,.476,.474,110,146,.753,90,203,293,107,42,14,95,130,682
174,Troy Hudson\hudsotr01,PG,22,LAC,25,6,524,60,150,.400,15,47,.319,45,103,.437,.450,34,38,.895,15,40,55,92,11,2,38,28,169
175,Larry Hughes\hughela01,PG,20,PHI,50,1,988,170,414,.411,8,52,.154,162,362,.448,.420,107,151,.709,83,106,189,77,44,14,68,97,455
176,Lindsey Hunter\hunteli01,PG,28,DET,49,49,1755,228,524,.435,59,153,.386,169,371,.456,.491,67,89,.753,26,142,168,193,86,8,92,126,582
177,Zydrunas Ilgauskas\ilgauzy01,C,23,CLE,5,5,171,29,57,.509,0,0,,29,57,.509,.509,18,30,.600,17,27,44,4,4,7,9,24,76
178,Allen Iverson*\iversal01,SG,23,PHI,48,48,1990,435,1056,.412,58,199,.291,377,857,.440,.439,356,474,.751,66,170,236,223,110,7,167,98,1284
179,Bobby Jackson\jacksbo01,PG,25,MIN,50,12,941,141,348,.405,10,27,.370,131,321,.408,.420,61,79,.772,43,92,135,167,39,3,75,75,353
180,Jaren Jackson\jacksja01,SG,31,SAS,47,13,861,108,284,.380,53,147,.361,55,137,.401,.474,32,39,.821,21,78,99,49,41,9,37,63,301
181,Jim Jackson\jacksji01,SG,28,POR,49,9,1175,152,370,.411,25,90,.278,127,280,.454,.445,85,101,.842,36,123,159,128,43,6,82,80,414
182,Mark Jackson\jacksma01,PG,33,IND,49,49,1382,138,329,.419,32,103,.311,106,226,.469,.468,65,79,.823,33,151,184,386,42,3,99,58,373
183,Randell Jackson\jacksra02,PF,23,WAS,27,8,271,46,108,.426,1,7,.143,45,101,.446,.431,21,32,.656,30,24,54,8,3,11,26,29,114
184,Sam Jacobson\jacobsa01,PG,23,LAL,2,0,12,3,5,.600,0,1,.000,3,4,.750,.600,2,2,1.000,0,3,3,0,0,0,1,2,8
185,Jerome James\jamesje01,C,23,SAC,16,0,42,9,24,.375,0,0,,9,24,.375,.375,6,12,.500,6,11,17,1,2,6,9,11,24
186,Antawn Jamison\jamisan01,SF,22,GSW,47,24,1058,178,394,.452,3,10,.300,175,384,.456,.456,90,153,.588,131,170,301,34,38,16,68,102,449
187,Anthony Johnson\johnsan02,PG,24,ATL,49,2,885,91,225,.404,5,19,.263,86,206,.417,.416,57,82,.695,16,59,75,107,35,7,65,67,244
188,Avery Johnson\johnsav01,PG,33,SAS,50,50,1672,218,461,.473,1,12,.083,217,449,.483,.474,50,88,.568,22,96,118,369,51,11,112,101,487
189,Eddie Johnson\johnsed03,SF,39,HOU,3,0,18,6,13,.462,0,1,.000,6,12,.500,.462,0,0,,0,2,2,1,0,0,2,3,12
190,Ervin Johnson\johnser02,C,31,MIL,50,7,1027,96,189,.508,0,0,,96,189,.508,.508,64,105,.610,120,200,320,19,29,57,47,151,256
191,Larry Johnson\johnsla02,PF,29,NYK,49,48,1639,210,458,.459,33,92,.359,177,366,.484,.495,134,164,.817,91,193,284,119,34,10,89,147,587
192,Charles Jones\jonesch03,SG,23,CHI,29,5,476,39,123,.317,19,61,.311,20,62,.323,.394,11,22,.500,9,33,42,41,18,5,29,30,108
193,Damon Jones\jonesda01,PG,22,TOT,24,0,344,43,119,.361,25,62,.403,18,57,.316,.466,14,17,.824,6,38,44,42,13,0,17,23,125
193,Damon Jones\jonesda01,PG,22,NJN,11,0,131,14,44,.318,10,29,.345,4,15,.267,.432,11,13,.846,2,11,13,13,7,0,5,7,49
193,Damon Jones\jonesda01,PG,22,BOS,13,0,213,29,75,.387,15,33,.455,14,42,.333,.487,3,4,.750,4,27,31,29,6,0,12,16,76
194,Eddie Jones\jonesed02,SF-SG,27,TOT,50,50,1881,260,595,.437,48,142,.338,212,453,.468,.477,212,271,.782,50,144,194,186,125,58,93,128,780
194,Eddie Jones\jonesed02,SG,27,LAL,20,20,724,96,227,.423,20,64,.313,76,163,.466,.467,59,80,.738,20,56,76,61,35,24,21,42,271
194,Eddie Jones\jonesed02,SF,27,CHH,30,30,1157,164,368,.446,28,78,.359,136,290,.469,.484,153,191,.801,30,88,118,125,90,34,72,86,509
195,Popeye Jones\jonespo01,PF,28,BOS,18,2,206,20,51,.392,0,1,.000,20,50,.400,.392,14,17,.824,28,24,52,15,5,0,7,31,54
196,Adonis Jordan\jordaad01,PG,28,MIL,4,0,18,2,4,.500,0,2,.000,2,2,1.000,.500,2,4,.500,0,0,0,3,3,0,2,0,6
197,Reggie Jordan\jordare01,SG,31,MIN,27,1,296,15,54,.278,0,0,,15,54,.278,.278,21,38,.553,27,32,59,41,12,5,14,38,51
198,Adam Keefe\keefead01,PF,28,UTA,44,0,642,56,124,.452,0,4,.000,56,120,.467,.452,62,89,.697,51,91,142,28,16,12,33,63,174
199,Shawn Kemp\kempsh01,PF,29,CLE,42,42,1475,277,575,.482,1,2,.500,276,573,.482,.483,307,389,.789,131,257,388,101,48,45,127,159,862
200,Jonathan Kerner\kernejo01,C,24,ORL,1,0,5,0,1,.000,0,0,,0,1,.000,.000,0,0,,0,0,0,0,0,0,0,2,0
201,Steve Kerr\kerrst01,PG,33,SAS,44,0,734,68,174,.391,25,80,.313,43,94,.457,.463,31,35,.886,6,38,44,49,23,3,22,28,192
202,Jerome Kersey\kerseje01,SF,36,SAS,45,0,699,68,200,.340,3,14,.214,65,186,.349,.348,6,14,.429,42,88,130,41,37,14,30,92,145
203,Jason Kidd*\kiddja01,PG,25,PHO,50,50,2060,310,698,.444,45,123,.366,265,575,.461,.476,181,239,.757,87,252,339,539,114,19,150,108,846
204,Chris King\kingch01,SF,29,UTA,8,0,42,2,7,.286,0,0,,2,7,.286,.286,0,4,.000,1,10,11,1,2,1,4,8,4
205,Gerard King\kingge02,SF,26,SAS,19,0,63,6,14,.429,0,0,,6,14,.429,.429,11,18,.611,6,8,14,4,2,1,4,12,23
206,Kerry Kittles\kittlke01,SG,24,NJN,46,40,1570,227,613,.370,50,158,.316,177,455,.389,.411,88,114,.772,52,139,191,116,79,26,66,82,592
207,Joe Kleine\kleinjo01,C,37,PHO,31,5,374,30,74,.405,0,2,.000,30,72,.417,.405,8,12,.667,27,40,67,12,8,1,10,46,68
208,Brevin Knight\knighbr01,PG,23,CLE,39,38,1186,134,315,.425,0,5,.000,134,310,.432,.425,105,141,.745,16,115,131,302,70,7,105,115,373
209,Negele Knight\knighne01,PG,31,TOR,6,0,56,3,8,.375,0,1,.000,3,7,.429,.375,2,4,.500,1,5,6,8,1,0,7,5,8
210,Travis Knight\knightr01,C,24,LAL,37,23,525,67,130,.515,0,1,.000,67,129,.519,.515,22,29,.759,34,94,128,31,21,27,35,108,156
211,Toni Kukoc\kukocto01,SF,30,CHI,44,44,1654,315,750,.420,39,137,.285,276,613,.450,.446,159,215,.740,65,245,310,235,49,11,121,82,828
212,Christian Laettner\laettch01,PF,29,DET,16,0,337,38,106,.358,1,3,.333,37,103,.359,.363,44,57,.772,21,33,54,24,15,12,19,30,121
213,Raef LaFrentz\lafrera01,C,22,DEN,12,12,387,59,129,.457,12,31,.387,47,98,.480,.504,36,48,.750,33,58,91,8,9,17,9,38,166
214,Andrew Lang\langan01,C,32,CHI,21,13,386,32,99,.323,0,0,,32,99,.323,.323,16,23,.696,33,60,93,13,5,12,17,43,80
215,Antonio Lang\langan02,PF,26,CLE,10,0,65,4,6,.667,0,0,,4,6,.667,.667,5,9,.556,6,10,16,1,2,1,4,13,13
216,Rusty LaRue\larueru01,PG,25,CHI,43,6,732,78,217,.359,30,89,.337,48,128,.375,.429,17,17,1.000,9,47,56,63,33,3,34,66,203
217,Tim Legler\legleti01,SG,32,WAS,30,0,377,51,115,.443,14,35,.400,37,80,.463,.504,3,6,.500,8,32,40,21,4,3,14,42,119
218,Voshon Lenard\lenarvo01,SG,25,MIA,12,2,190,31,79,.392,12,35,.343,19,44,.432,.468,8,11,.727,4,12,16,10,3,1,7,18,82
219,Rashard Lewis\lewisra02,SF,19,SEA,20,7,145,19,52,.365,1,6,.167,18,46,.391,.375,8,14,.571,13,12,25,4,8,1,20,19,47
220,Randy Livingston\livinra01,PG,23,PHO,1,0,22,5,8,.625,0,0,,5,8,.625,.625,2,2,1.000,0,2,2,3,2,0,1,1,12
221,Grant Long\longgr01,PF,32,ATL,50,13,1380,151,359,.421,3,18,.167,148,341,.434,.425,184,235,.783,100,196,296,53,57,16,74,143,489
222,Luc Longley\longllu01,C,30,PHO,39,39,933,140,290,.483,0,0,,140,290,.483,.483,59,76,.776,59,162,221,45,23,21,53,119,339
223,Felipe Lopez\lopezfe01,SG,24,VAN,47,32,1218,169,379,.446,12,44,.273,157,335,.469,.462,87,135,.644,69,97,166,62,49,14,82,128,437
224,Tyronn Lue\luety01,PG,21,LAL,15,0,188,28,65,.431,7,16,.438,21,49,.429,.485,12,21,.571,2,4,6,25,5,0,11,28,75
225,George Lynch\lynchge01,SF,28,PHI,43,43,1315,147,349,.421,9,23,.391,138,326,.423,.434,53,84,.631,110,169,279,76,85,22,79,142,356
226,Sam Mack\macksa01,SF,28,TOT,44,15,1083,167,384,.435,87,219,.397,80,165,.485,.548,51,58,.879,14,81,95,55,35,4,33,94,472
226,Sam Mack\macksa01,SF,28,VAN,19,15,577,86,212,.406,42,108,.389,44,104,.423,.505,28,30,.933,7,46,53,23,20,1,20,53,242
226,Sam Mack\macksa01,SF,28,HOU,25,0,506,81,172,.471,45,111,.405,36,61,.590,.602,23,28,.821,7,35,42,32,15,3,13,41,230
227,Don MacLean\macledo01,PF,29,SEA,17,10,365,63,159,.396,9,33,.273,54,126,.429,.425,50,80,.625,18,47,65,16,5,5,25,34,185
228,Mark Macon\maconma01,SG,29,DET,7,3,69,4,20,.200,1,3,.333,3,17,.176,.225,0,0,,3,2,5,4,5,1,6,6,9
229,Rick Mahorn\mahorri01,PF,40,PHI,16,0,127,5,18,.278,0,0,,5,18,.278,.278,3,8,.375,7,16,23,2,5,1,6,22,13
230,Dan Majerle\majerda01,SG,33,MIA,48,48,1624,118,298,.396,68,203,.335,50,95,.526,.510,33,46,.717,21,187,208,150,38,7,55,100,337
231,Karl Malone*\malonka01,PF,35,UTA,49,49,1832,393,797,.493,0,1,.000,393,796,.494,.493,378,480,.788,107,356,463,201,62,28,162,134,1164
232,Matt Maloney\malonma01,PG,27,HOU,15,7,186,5,28,.179,1,15,.067,4,13,.308,.196,10,11,.909,2,8,10,21,4,0,14,7,21
233,Danny Manning\mannida01,PF,32,PHO,50,5,1184,187,386,.484,1,9,.111,186,377,.493,.486,78,112,.696,62,157,219,113,36,38,69,129,453
234,Stephon Marbury\marbust01,PG,21,TOT,49,49,1895,378,883,.428,66,197,.335,312,686,.455,.465,222,278,.799,37,105,142,437,59,8,164,125,1044
234,Stephon Marbury\marbust01,PG,21,MIN,18,18,661,124,304,.408,8,39,.205,116,265,.438,.421,63,87,.724,17,45,62,167,29,5,55,44,319
234,Stephon Marbury\marbust01,PG,21,NJN,31,31,1234,254,579,.439,58,158,.367,196,421,.466,.489,159,191,.832,20,60,80,270,30,3,109,81,725
235,Sean Marks\marksse01,PF,23,TOR,8,0,28,5,8,.625,0,0,,5,8,.625,.625,1,2,.500,0,1,1,0,1,0,3,3,11
236,Donyell Marshall\marshdo01,SF,25,GSW,48,20,1250,208,494,.421,26,72,.361,182,422,.431,.447,88,121,.727,115,227,342,66,47,37,80,123,530
237,Darrick Martin\martida01,PG,27,LAC,37,25,941,102,278,.367,31,106,.292,71,172,.413,.423,61,76,.803,5,43,48,144,43,4,67,82,296
238,Jamal Mashburn\mashbja01,SF,26,MIA,24,23,855,134,297,.451,13,30,.433,121,267,.453,.473,75,104,.721,24,122,146,75,20,3,60,58,356
239,Tony Massenburg\masseto01,PF,31,VAN,43,35,1143,189,388,.487,0,2,.000,189,386,.490,.487,103,155,.665,83,174,257,23,26,39,64,108,481
240,Vernon Maxwell\maxweve01,SG,33,SAC,46,1,1007,164,421,.390,80,231,.346,84,190,.442,.485,84,114,.737,13,72,85,76,30,3,67,111,492
241,Lee Mayberry\maybele01,PG,28,VAN,9,0,126,7,19,.368,2,10,.200,5,9,.556,.421,4,5,.800,0,3,3,23,7,0,11,13,20
242,Kelly McCarty\mccarke01,SG,23,DEN,2,0,4,2,3,.667,0,0,,2,3,.667,.667,0,0,,2,1,3,0,0,0,2,0,4
243,Walter McCarty\mccarwa01,PF,24,BOS,32,4,659,64,177,.362,13,50,.260,51,127,.402,.398,40,57,.702,36,79,115,40,24,13,40,88,181
244,George McCloud\mccloge01,SF,31,PHO,48,16,1245,142,324,.438,69,166,.416,73,158,.462,.545,75,87,.862,34,128,162,79,45,14,49,128,428
245,Jelani McCoy\mccoyje01,C,21,SEA,26,0,331,56,76,.737,0,0,,56,76,.737,.737,21,42,.500,27,52,79,4,11,20,10,42,133
246,Antonio McDyess\mcdyean01,C,24,DEN,50,50,1937,415,882,.471,1,9,.111,414,873,.474,.471,230,338,.680,168,369,537,82,73,115,138,175,1061
247,Tracy McGrady*\mcgratr01,SF,19,TOR,49,2,1106,168,385,.436,8,35,.229,160,350,.457,.447,114,157,.726,120,158,278,113,52,66,80,94,458
248,Jim McIlvaine\mcilvji01,C,26,NJN,22,1,269,22,51,.431,0,0,,22,51,.431,.431,4,6,.667,31,23,54,2,9,32,13,59,48
249,Jeff McInnis\mcinnje01,PG,24,WAS,35,6,427,50,134,.373,9,35,.257,41,99,.414,.407,21,28,.750,9,12,21,73,19,1,30,36,130
250,Derrick McKey\mckeyde01,SF,32,IND,13,0,244,23,52,.442,0,1,.000,23,51,.451,.442,14,17,.824,18,23,41,13,12,4,12,24,60
251,Aaron McKie\mckieaa01,SG,26,PHI,50,4,959,95,237,.401,6,31,.194,89,206,.432,.414,44,62,.710,27,113,140,100,63,3,57,90,240
252,Roshown McLeod\mcleoro01,SF,23,ATL,34,0,348,62,163,.380,1,10,.100,61,153,.399,.383,37,45,.822,12,38,50,14,2,1,23,24,162
253,Ron Mercer\mercero01,SG,22,BOS,41,40,1551,305,707,.431,5,30,.167,300,677,.443,.435,83,105,.790,37,118,155,104,67,12,89,81,698
254,Loren Meyer\meyerlo01,C,26,DEN,14,0,70,7,28,.250,1,5,.200,6,23,.261,.268,1,2,.500,4,12,16,1,0,3,4,22,16
255,Marko Milic\milicma01,SG,21,PHO,11,0,53,8,20,.400,0,1,.000,8,19,.421,.400,0,0,,3,2,5,2,3,1,6,7,16
256,Anthony Miller\millean01,PF,27,HOU,29,0,249,28,60,.467,0,1,.000,28,59,.475,.467,14,22,.636,26,41,67,7,7,5,9,34,70
257,Brad Miller\millebr01,C,22,CHH,38,0,469,78,138,.565,1,2,.500,77,136,.566,.569,81,102,.794,35,82,117,22,9,18,32,65,238
258,Oliver Miller\milleol01,C,28,SAC,4,0,35,5,11,.455,0,0,,5,11,.455,.455,0,0,,7,1,8,0,0,2,4,3,10
259,Reggie Miller*\millere01,SG,33,IND,50,50,1787,294,671,.438,106,275,.385,188,396,.475,.517,226,247,.915,25,110,135,112,37,9,76,101,920
260,Chris Mills\millsch01,SF,29,GSW,47,24,1395,186,453,.411,32,115,.278,154,338,.456,.446,79,96,.823,49,188,237,103,39,14,58,125,483
261,Terry Mills\millste01,PF,31,MIA,1,0,29,3,8,.375,2,4,.500,1,4,.250,.500,1,2,.500,3,1,4,0,1,0,3,3,9
262,Greg Minor\minorgr01,SG,27,BOS,44,7,765,85,204,.417,8,28,.286,77,176,.438,.436,36,48,.750,31,86,117,50,20,6,38,69,214
263,Sam Mitchell\mitchsa01,SF,35,MIN,50,20,1344,213,522,.408,9,38,.237,204,484,.421,.417,126,165,.764,55,127,182,98,35,16,34,111,561
264,Cuttino Mobley\moblecu01,PG,23,HOU,49,37,1456,172,405,.425,53,148,.358,119,257,.463,.490,90,110,.818,22,89,111,121,44,23,79,98,487
265,Nazr Mohammed\mohamna01,C,21,PHI,26,0,121,15,42,.357,0,0,,15,42,.357,.357,12,21,.571,18,19,37,2,5,4,12,22,42
266,Eric Montross\montrer01,C,27,DET,46,2,577,42,80,.525,0,1,.000,42,79,.532,.525,11,32,.344,45,94,139,14,12,27,16,107,95
267,Mikki Moore\mooremi01,C,23,DET,2,0,6,1,1,1.000,0,0,,1,1,1.000,1.000,2,2,1.000,0,1,1,0,0,0,0,0,4
268,Chris Morris\morrich01,SF,33,PHO,44,2,535,64,149,.430,16,56,.286,48,93,.516,.483,40,46,.870,54,67,121,23,16,11,21,54,184
269,Alonzo Mourning*\mournal01,C,28,MIA,46,46,1753,324,634,.511,0,2,.000,324,632,.513,.511,276,423,.652,166,341,507,74,34,180,139,161,924
270,Chris Mullin*\mullich01,SF,35,IND,50,50,1179,177,371,.477,73,157,.465,104,214,.486,.575,80,92,.870,25,135,160,81,47,13,60,101,507
271,Eric Murdock\murdoer01,PG,30,NJN,15,8,401,45,114,.395,8,22,.364,37,92,.402,.430,21,26,.808,3,32,35,66,22,2,29,35,119
272,Gheorghe Muresan\muresgh01,C,27,NJN,1,0,1,0,1,.000,0,0,,0,1,.000,.000,0,0,,0,0,0,0,0,0,1,0,0
273,Lamond Murray\murrala01,SF,25,LAC,50,13,1317,226,578,.391,34,103,.330,192,475,.404,.420,126,157,.803,59,136,195,61,58,20,99,107,612
274,Tracy Murray\murratr01,SF,27,WAS,36,0,653,83,237,.350,33,103,.320,50,134,.373,.420,34,42,.810,18,63,81,27,21,6,29,65,233
275,Dikembe Mutombo*\mutomdi01,C,32,ATL,50,50,1829,173,338,.512,0,0,,173,338,.512,.512,195,285,.684,192,418,610,57,16,147,94,145,541
276,Makhtar N'Diaye\ndiayma01,PF,25,VAN,4,0,27,1,4,.250,0,0,,1,4,.250,.250,3,4,.750,3,2,5,1,0,1,1,9,5
277,Steve Nash*\nashst01,PG,24,DAL,40,40,1269,114,314,.363,49,131,.374,65,183,.355,.441,38,46,.826,32,82,114,219,37,2,83,98,315
278,Tyrone Nesby\nesbyty01,SF,23,LAC,50,36,1288,182,405,.449,35,96,.365,147,309,.476,.493,104,133,.782,57,118,175,82,77,20,53,143,503
279,Rasho Nesterovic\nestera01,C,22,MIN,2,0,30,3,12,.250,0,0,,3,12,.250,.250,2,2,1.000,3,5,8,1,0,0,1,5,8
280,Johnny Newman\newmajo01,SF,35,CLE,50,2,949,106,251,.422,23,61,.377,83,190,.437,.468,68,84,.810,15,60,75,41,28,12,41,126,303
281,Moochie Norris\norrimo01,PG,25,SEA,12,0,140,13,40,.325,6,15,.400,7,25,.280,.400,6,16,.375,4,16,20,24,7,0,16,17,38
282,Dirk Nowitzki\nowitdi01,PF,20,DAL,47,24,958,136,336,.405,14,68,.206,122,268,.455,.426,99,128,.773,41,121,162,47,29,27,73,105,385
283,Charles O'Bannon\obannch01,SG,23,DET,18,1,165,24,56,.429,0,1,.000,24,55,.436,.429,8,8,1.000,18,16,34,12,2,3,8,22,56
284,Jermaine O'Neal\onealje01,PF,20,POR,36,1,311,36,83,.434,0,1,.000,36,82,.439,.434,18,35,.514,42,55,97,13,4,14,14,41,90
285,Shaquille O'Neal*\onealsh01,C,26,LAL,49,49,1705,510,885,.576,0,1,.000,510,884,.577,.576,269,498,.540,187,338,525,114,36,82,122,155,1289
286,Charles Oakley\oaklech01,PF,35,TOR,50,50,1633,140,327,.428,1,5,.200,139,322,.432,.430,67,83,.807,96,278,374,168,46,21,96,182,348
287,Hakeem Olajuwon*\olajuha01,C,36,HOU,50,50,1784,373,725,.514,4,13,.308,369,712,.518,.517,195,272,.717,106,372,478,88,82,123,139,160,945
288,Jimmy Oliver\oliveji01,SG,29,PHO,2,0,11,1,3,.333,1,1,1.000,0,2,.000,.500,0,0,,0,0,0,0,0,0,0,2,3
289,Kevin Ollie\ollieke01,PG,26,TOT,8,0,72,4,14,.286,0,0,,4,14,.286,.286,5,7,.714,0,7,7,3,3,1,3,9,13
289,Kevin Ollie\ollieke01,PG,26,SAC,7,0,68,4,13,.308,0,0,,4,13,.308,.308,4,5,.800,0,6,6,3,3,1,3,8,12
289,Kevin Ollie\ollieke01,PG,26,ORL,1,0,4,0,1,.000,0,0,,0,1,.000,.000,1,2,.500,0,1,1,0,0,0,0,1,1
290,Michael Olowokandi\olowomi01,C,23,LAC,45,36,1279,172,399,.431,0,0,,172,399,.431,.431,57,118,.483,120,237,357,25,27,55,85,137,401
291,Greg Ostertag\ostergr01,C,25,UTA,48,48,1340,99,208,.476,0,0,,99,208,.476,.476,75,121,.620,105,243,348,23,12,131,45,140,273
292,Bo Outlaw\outlabo01,PF,27,ORL,31,22,851,84,154,.545,0,3,.000,84,151,.556,.545,35,81,.432,54,113,167,56,40,43,58,79,203
293,Doug Overton\overtdo01,PG,29,TOT,24,1,244,36,84,.429,2,7,.286,34,77,.442,.440,18,20,.900,7,14,21,23,5,1,20,18,92
293,Doug Overton\overtdo01,PG,29,ORL,6,0,33,6,12,.500,0,2,.000,6,10,.600,.500,6,6,1.000,1,1,2,3,1,0,3,2,18
293,Doug Overton\overtdo01,PG,29,NJN,8,1,174,25,57,.439,2,4,.500,23,53,.434,.456,12,14,.857,6,11,17,16,3,1,15,14,64
293,Doug Overton\overtdo01,PG,29,PHI,10,0,37,5,15,.333,0,1,.000,5,14,.357,.333,0,0,,0,2,2,4,1,0,2,2,10
294,Billy Owens\owensbi01,SF,29,SEA,21,19,451,65,165,.394,5,11,.455,60,154,.390,.409,28,35,.800,35,45,80,38,12,4,33,37,163
295,Robert Pack\packro01,PG,29,DAL,25,0,468,75,174,.431,0,4,.000,75,170,.441,.431,72,88,.818,9,27,36,81,20,1,49,41,222
296,Anthony Parker\parkean01,SG,23,PHI,2,0,3,1,1,1.000,0,0,,1,1,1.000,1.000,0,0,,0,0,0,0,0,0,0,0,2
297,Cherokee Parks\parksch02,C,26,VAN,48,41,1118,118,275,.429,0,1,.000,118,274,.431,.429,30,55,.545,75,168,243,36,28,28,49,114,266
298,Andrae Patterson\pattean01,PF,23,MIN,35,0,284,43,97,.443,0,5,.000,43,92,.467,.443,28,36,.778,30,35,65,15,19,7,22,62,114
299,Ruben Patterson\patteru01,SF,23,LAL,24,2,144,21,51,.412,1,6,.167,20,45,.444,.422,22,31,.710,17,13,30,2,5,3,12,16,65
300,Gary Payton*\paytoga01,PG,30,SEA,50,50,2008,401,923,.434,83,281,.295,318,642,.495,.479,199,276,.721,62,182,244,436,109,12,154,115,1084
301,Anthony Peeler\peelean01,SG,29,MIN,28,28,810,103,272,.379,34,114,.298,69,158,.437,.441,30,41,.732,30,54,84,78,35,6,38,60,270
302,Will Perdue\perduwi01,C,33,SAS,37,1,445,38,60,.633,0,0,,38,60,.633,.633,14,26,.538,33,105,138,18,9,10,22,63,90
303,Sam Perkins\perkisa01,PF,37,IND,48,0,789,80,200,.400,35,90,.389,45,110,.409,.488,43,60,.717,36,102,138,25,15,14,22,74,238
304,Elliot Perry\perryel01,PG,29,TOT,35,0,290,39,103,.379,10,24,.417,29,79,.367,.427,10,14,.714,7,27,34,47,20,0,34,25,98
304,Elliot Perry\perryel01,PG,29,MIL,5,0,47,9,17,.529,1,1,1.000,8,16,.500,.559,1,2,.500,1,7,8,12,4,0,2,3,20
304,Elliot Perry\perryel01,PG,29,NJN,30,0,243,30,86,.349,9,23,.391,21,63,.333,.401,9,12,.750,6,20,26,35,16,0,32,22,78
305,Chuck Person\persoch01,SF,34,CHH,50,21,990,112,289,.388,55,157,.350,57,132,.432,.483,24,32,.750,17,115,132,60,20,8,41,90,303
306,Wesley Person\persowe01,SG,27,CLE,45,42,1342,198,437,.453,75,200,.375,123,237,.519,.539,32,53,.604,19,123,142,80,37,16,41,52,503
307,Bobby Phills\phillbo01,SG,29,CHH,43,43,1574,215,497,.433,68,172,.395,147,325,.452,.501,115,168,.685,39,135,174,149,60,25,92,124,613
308,Eric Piatkowski\piatker01,SG,28,LAC,49,38,1242,180,417,.432,65,165,.394,115,252,.456,.510,88,102,.863,39,101,140,53,44,6,53,86,513
309,Paul Pierce\piercpa01,SF,21,BOS,48,47,1632,284,647,.439,84,204,.412,200,443,.451,.504,139,195,.713,117,192,309,115,82,50,113,139,791
310,Scottie Pippen*\pippesc01,SF,33,HOU,50,50,2011,261,604,.432,72,212,.340,189,392,.482,.492,132,183,.721,63,260,323,293,98,37,159,118,726
311,Scot Pollard\pollasc01,C,23,SAC,16,5,259,33,61,.541,0,0,,33,61,.541,.541,16,23,.696,38,44,82,4,8,18,5,41,82
312,Olden Polynice\polynol01,C,34,SEA,48,47,1481,169,358,.472,1,1,1.000,168,357,.471,.473,29,94,.309,184,241,425,43,20,30,49,150,368
313,Mark Pope\popema01,SF,26,IND,4,0,26,1,7,.143,0,4,.000,1,3,.333,.143,0,1,.000,2,2,4,0,0,0,1,6,2
314,Terry Porter\portete01,PG,35,MIA,50,1,1365,172,370,.465,58,141,.411,114,229,.498,.543,123,148,.831,13,127,140,146,48,11,74,97,525
315,Vitaly Potapenko\potapvi01,C,23,TOT,50,44,1394,204,412,.495,0,1,.000,204,411,.496,.495,91,155,.587,114,218,332,75,35,36,100,169,499
315,Vitaly Potapenko\potapvi01,C,23,CLE,17,12,467,55,126,.437,0,1,.000,55,125,.440,.437,33,49,.673,23,71,94,16,11,16,28,53,143
315,Vitaly Potapenko\potapvi01,C,23,BOS,33,32,927,149,286,.521,0,0,,149,286,.521,.521,58,106,.547,91,147,238,59,24,20,72,116,356
316,Brent Price\pricebr01,PG,30,HOU,40,6,806,100,207,.483,46,112,.411,54,95,.568,.594,46,61,.754,18,60,78,113,33,1,65,90,292
317,Theo Ratliff\ratlith01,PF,25,PHI,50,50,1627,197,419,.470,0,0,,197,419,.470,.470,166,229,.725,139,268,407,30,45,149,92,180,560
318,Eldridge Recasner\recasel01,PG,31,CHH,44,2,708,82,184,.446,24,60,.400,58,124,.468,.511,34,39,.872,20,57,77,91,17,1,58,66,222
319,Bryant Reeves\reevebr01,C,25,VAN,25,14,702,102,251,.406,0,1,.000,102,250,.408,.406,67,116,.578,50,88,138,37,13,8,47,103,271
320,Khalid Reeves\reevekh01,PG,26,DET,11,0,112,8,21,.381,1,3,.333,7,18,.389,.405,8,14,.571,3,4,7,11,4,0,7,13,25
321,Don Reid\reiddo01,PF,25,DET,47,30,935,97,174,.557,0,0,,97,174,.557,.557,48,79,.608,66,104,170,33,27,43,36,156,242
322,J.R. Reid\reidjr01,PF,30,TOT,41,26,1029,132,277,.477,0,1,.000,132,276,.478,.477,105,137,.766,45,167,212,48,37,10,51,135,369
322,J.R. Reid\reidjr01,PF,30,CHH,16,16,556,88,169,.521,0,0,,88,169,.521,.521,67,84,.798,21,92,113,25,22,10,28,63,243
322,J.R. Reid\reidjr01,PF,30,LAL,25,10,473,44,108,.407,0,1,.000,44,107,.411,.407,38,53,.717,24,75,99,23,15,0,23,72,126
323,Shawn Respert\respesh01,SG,26,PHO,12,1,99,13,36,.361,4,13,.308,9,23,.391,.417,7,10,.700,2,11,13,8,5,0,5,10,37
324,Rodrick Rhodes\rhodero01,SG-SF,25,TOT,13,1,156,13,52,.250,1,7,.143,12,45,.267,.260,16,25,.640,9,8,17,11,5,2,20,21,43
324,Rodrick Rhodes\rhodero01,SF,25,HOU,3,0,33,2,8,.250,0,0,,2,8,.250,.250,5,6,.833,2,2,4,1,1,0,5,5,9
324,Rodrick Rhodes\rhodero01,SG,25,VAN,10,1,123,11,44,.250,1,7,.143,10,37,.270,.261,11,19,.579,7,6,13,10,4,2,15,16,34
325,Glen Rice\ricegl01,SF,31,LAL,27,25,985,171,396,.432,53,135,.393,118,261,.452,.499,77,90,.856,9,90,99,71,17,6,45,67,472
326,Pooh Richardson\richapo01,PG,32,LAC,11,0,130,12,36,.333,0,6,.000,12,30,.400,.333,4,4,1.000,1,12,13,30,4,0,9,5,28
327,Mitch Richmond*\richmmi01,SG,33,WAS,50,50,1912,331,803,.412,70,221,.317,261,582,.448,.456,251,293,.857,30,142,172,122,64,10,136,121,983
328,Isaiah Rider\rideris01,SG,27,POR,47,41,1385,249,605,.412,42,111,.378,207,494,.419,.446,111,147,.755,59,137,196,104,25,9,95,100,651
329,Eric Riley\rileyer01,C,28,BOS,35,11,337,28,54,.519,0,0,,28,54,.519,.519,22,31,.710,36,63,99,13,9,26,26,73,78
330,Stanley Roberts\roberst01,C,28,HOU,6,0,33,5,13,.385,0,0,,5,13,.385,.385,4,8,.500,4,7,11,0,0,1,4,2,14
331,Clifford Robinson\robincl02,SF,32,PHO,50,35,1740,299,629,.475,58,139,.417,241,490,.492,.521,163,234,.697,69,158,227,128,75,59,88,153,819
332,David Robinson*\robinda01,C,33,SAS,49,49,1554,268,527,.509,0,1,.000,268,526,.510,.509,239,363,.658,148,344,492,103,69,119,108,143,775
333,Glenn Robinson\robingl01,SF,26,MIL,47,47,1579,347,756,.459,31,79,.392,316,677,.467,.479,140,161,.870,73,203,276,100,46,41,106,114,865
334,James Robinson\robinja02,PG,28,TOT,31,0,506,67,185,.362,21,74,.284,46,111,.414,.419,28,41,.683,18,44,62,56,22,8,44,60,183
334,James Robinson\robinja02,PG,28,LAC,14,0,280,39,98,.398,8,30,.267,31,68,.456,.439,20,27,.741,10,17,27,18,14,3,16,29,106
334,James Robinson\robinja02,PG,28,MIN,17,0,226,28,87,.322,13,44,.295,15,43,.349,.397,8,14,.571,8,27,35,38,8,5,28,31,77
335,Dennis Rodman*\rodmade01,PF,37,LAL,23,11,657,16,46,.348,0,2,.000,16,44,.364,.348,17,39,.436,62,196,258,30,10,12,31,71,49
336,Carlos Rogers\rogerca01,PF,27,POR,2,0,8,2,2,1.000,0,0,,2,2,1.000,1.000,1,4,.250,0,1,1,1,0,0,0,2,5
337,Rodney Rogers\rogerro01,SF,27,LAC,47,7,968,131,297,.441,18,63,.286,113,234,.483,.471,68,101,.673,65,114,179,77,47,22,66,140,348
338,Sean Rooks\rooksse01,C,29,LAL,36,0,315,32,79,.405,0,2,.000,32,77,.416,.405,34,48,.708,33,39,72,9,2,9,21,61,98
339,Jalen Rose\roseja01,SF,26,IND,49,1,1238,200,496,.403,17,65,.262,183,431,.425,.420,125,158,.791,34,120,154,93,50,15,72,128,542
340,Malik Rose\rosema01,PF,24,SAS,47,0,608,93,201,.463,0,1,.000,93,200,.465,.463,98,146,.671,90,92,182,29,40,22,56,120,284
341,Bryon Russell\russebr01,SF,28,UTA,50,50,1770,217,468,.464,52,147,.354,165,321,.514,.519,136,171,.795,65,201,266,74,76,15,76,154,622
342,Arvydas Sabonis*\sabonar01,C,34,POR,50,48,1349,232,478,.485,7,24,.292,225,454,.496,.493,135,175,.771,88,305,393,119,34,63,85,147,606
343,Jason Sasser\sasseja01,SF,25,VAN,6,0,39,5,11,.455,0,0,,5,11,.455,.455,1,2,.500,2,5,7,2,2,0,2,4,11
344,Danny Schayes\schayda01,C,39,ORL,19,1,143,11,29,.379,0,0,,11,29,.379,.379,6,8,.750,3,11,14,4,1,2,8,23,28
345,Dwayne Schintzius\schindw01,C,30,BOS,16,0,67,4,16,.250,0,0,,4,16,.250,.250,3,4,.750,7,12,19,8,0,3,10,17,11
346,Detlef Schrempf\schrede01,SF,36,SEA,50,39,1765,259,549,.472,34,86,.395,225,463,.486,.503,200,243,.823,77,293,370,184,41,26,103,152,752
347,Dennis Scott\scottde01,SF,30,TOT,36,9,738,87,213,.408,37,97,.381,50,116,.431,.495,23,31,.742,8,50,58,40,15,3,19,49,234
347,Dennis Scott\scottde01,SF,30,NYK,15,0,206,17,56,.304,8,29,.276,9,27,.333,.375,1,4,.250,3,17,20,8,3,1,5,17,43
347,Dennis Scott\scottde01,SF,30,MIN,21,9,532,70,157,.446,29,68,.426,41,89,.461,.538,22,27,.815,5,33,38,32,12,2,14,32,191
348,Malik Sealy\sealyma01,SF,28,MIN,31,7,731,95,231,.411,6,23,.261,89,208,.428,.424,55,61,.902,23,69,92,36,30,5,33,68,251
349,Rony Seikaly\seikaro01,C,33,NJN,9,0,88,4,20,.200,0,0,,4,20,.200,.200,7,18,.389,5,16,21,2,4,6,10,15,15
350,Charles Shackleford\shackch01,C,32,CHH,32,4,367,44,90,.489,0,0,,44,90,.489,.489,19,29,.655,41,88,129,13,5,13,27,66,107
351,Brian Shaw\shawbr01,PG,32,POR,1,0,5,0,1,.000,0,0,,0,1,.000,.000,0,0,,0,1,1,1,0,0,1,1,0
352,Casey Shaw\shawca01,C,23,PHI,9,0,14,1,8,.125,0,0,,1,8,.125,.125,0,0,,3,0,3,0,0,0,2,2,2
353,Jeff Sheppard\sheppje01,SG,24,ATL,18,5,185,15,39,.385,2,7,.286,13,32,.406,.410,8,13,.615,6,16,22,16,3,0,7,12,40
354,Miles Simon\simonmi01,SG,23,ORL,5,0,19,1,5,.200,0,2,.000,1,3,.333,.200,0,0,,1,1,2,0,1,0,3,1,2
355,Dickey Simpkins\simpkdi01,C,26,CHI,50,35,1448,150,324,.463,0,1,.000,150,323,.464,.463,156,242,.645,110,229,339,65,36,13,72,128,456
356,Alvin Sims\simsal01,SG,24,PHO,4,0,25,4,10,.400,1,1,1.000,3,9,.333,.450,2,5,.400,3,1,4,5,2,0,6,2,11
357,Brian Skinner\skinnbr01,PF,22,LAC,21,0,258,33,71,.465,0,0,,33,71,.465,.465,20,33,.606,20,33,53,1,10,13,19,20,86
358,Reggie Slater\slatere01,PF,28,TOR,30,0,263,31,81,.383,0,0,,31,81,.383,.383,53,85,.624,36,34,70,5,3,3,25,50,115
359,Charles Smith\smithch04,SG,23,LAC,23,10,317,35,97,.361,7,33,.212,28,64,.438,.397,7,16,.438,7,17,24,13,17,14,20,35,84
360,Joe Smith\smithjo02,C,23,MIN,43,42,1418,223,522,.427,0,3,.000,223,519,.430,.427,142,188,.755,154,200,354,68,32,66,66,147,588
361,Michael Smith\smithmi02,PF,26,VAN,48,10,1098,77,144,.535,0,1,.000,77,143,.538,.535,76,128,.594,135,215,350,48,46,18,60,107,230
362,Steve Smith\smithst01,SG,29,ATL,36,36,1314,217,540,.402,47,139,.338,170,401,.424,.445,191,225,.849,50,101,151,118,36,11,99,100,672
363,Rik Smits\smitsri01,C,32,IND,49,49,1271,310,633,.490,0,2,.000,310,631,.491,.490,108,132,.818,73,202,275,52,18,52,75,159,728
364,Eric Snow\snower01,PG,25,PHI,48,48,1716,149,348,.428,5,21,.238,144,327,.440,.435,110,150,.733,25,137,162,301,100,1,111,149,413
365,Felton Spencer\spencfe01,C,31,GSW,26,0,159,15,33,.455,0,0,,15,33,.455,.455,12,26,.462,18,28,46,0,5,10,9,41,42
366,Latrell Sprewell\sprewla01,SF,28,NYK,37,4,1233,215,518,.415,21,77,.273,194,441,.440,.435,155,191,.812,41,115,156,91,46,2,79,65,606
367,Ryan Stack\stackry01,PF,23,CLE,18,0,199,14,37,.378,0,0,,14,37,.378,.378,19,20,.950,19,15,34,5,2,11,9,31,47
368,Jerry Stackhouse\stackje01,SG,24,DET,42,9,1188,181,488,.371,35,126,.278,146,362,.403,.407,210,247,.850,26,81,107,118,34,19,121,79,607
369,John Starks\starkjo01,SG,33,GSW,50,50,1686,269,728,.370,78,269,.290,191,459,.416,.423,74,100,.740,33,130,163,235,69,5,83,135,690
370,Vladimir Stepania\stepavl01,C,22,SEA,23,6,313,53,125,.424,0,3,.000,53,122,.434,.424,21,40,.525,27,48,75,12,10,23,32,58,127
371,Michael Stewart\stewami01,C,23,TOR,42,2,394,22,53,.415,0,0,,22,53,.415,.415,17,25,.680,43,56,99,5,4,28,12,76,61
372,Bryant Stith\stithbr01,SG,28,DEN,46,32,1194,114,290,.393,31,106,.292,83,184,.451,.447,61,71,.859,30,77,107,82,28,15,45,65,320
373,John Stockton*\stockjo01,PG,36,UTA,50,50,1410,200,410,.488,16,50,.320,184,360,.511,.507,137,169,.811,31,115,146,374,81,13,110,107,553
374,Peja Stojakovic\stojape01,SF,21,SAC,48,1,1025,141,373,.378,57,178,.320,84,195,.431,.454,63,74,.851,43,100,143,72,41,7,53,43,402
375,Damon Stoudamire\stoudda01,PG,25,POR,50,50,1673,249,629,.396,44,142,.310,205,487,.421,.431,89,122,.730,41,126,167,312,49,4,110,81,631
376,Erick Strickland\stricer01,SG,25,DAL,33,2,567,89,221,.403,18,59,.305,71,162,.438,.443,53,65,.815,12,71,83,64,40,2,36,44,249
377,Mark Strickland\stricma01,PF,28,MIA,32,1,357,50,101,.495,0,1,.000,50,100,.500,.495,19,26,.731,26,52,78,9,7,8,13,28,119
378,Rod Strickland\stricro02,PG,32,WAS,44,43,1632,251,603,.416,12,42,.286,239,561,.426,.426,176,236,.746,56,156,212,434,76,5,142,91,690
379,Derek Strong\stronde01,PF,30,ORL,44,0,695,76,180,.422,0,2,.000,76,178,.427,.422,71,99,.717,66,95,161,17,15,7,37,64,223
380,Bruno Sundov\sundobr01,C,18,DAL,3,0,11,2,7,.286,0,0,,2,7,.286,.286,0,0,,0,0,0,1,0,0,1,4,4
381,Bob Sura\surabo01,PG,25,CLE,50,6,841,70,210,.333,9,45,.200,61,165,.370,.355,65,103,.631,21,81,102,152,46,14,67,98,214
382,Johnny Taylor\taylojo01,SF,24,DEN,36,9,724,82,198,.414,26,68,.382,56,130,.431,.480,17,23,.739,30,71,101,24,28,17,34,97,207
383,Maurice Taylor\tayloma01,PF,22,LAC,46,45,1505,311,675,.461,1,6,.167,310,669,.463,.461,150,206,.728,100,142,242,67,16,29,120,179,773
384,John Thomas\thomajo02,C,23,TOR,39,11,593,71,123,.577,0,1,.000,71,122,.582,.577,27,48,.563,65,69,134,15,17,9,21,82,169
385,Kurt Thomas\thomaku01,PF,26,NYK,50,44,1182,170,368,.462,0,1,.000,170,367,.463,.462,66,108,.611,82,204,286,55,45,17,73,159,406
386,Tim Thomas\thomati01,SF,21,TOT,50,26,812,132,279,.473,21,68,.309,111,211,.526,.511,73,112,.652,49,77,126,46,26,12,46,107,358
386,Tim Thomas\thomati01,SF,21,PHI,17,0,188,27,67,.403,5,19,.263,22,48,.458,.440,19,24,.792,7,26,33,15,3,3,15,21,78
386,Tim Thomas\thomati01,SF,21,MIL,33,26,624,105,212,.495,16,49,.327,89,163,.546,.533,54,88,.614,42,51,93,31,23,9,31,86,280
387,Otis Thorpe\thorpot01,PF,36,WAS,49,38,1539,240,440,.545,0,2,.000,240,438,.548,.545,74,106,.698,96,238,334,101,42,19,88,196,554
388,Robert Traylor\traylro01,C,21,MIL,49,43,786,108,201,.537,0,1,.000,108,200,.540,.537,43,80,.538,80,102,182,38,44,44,42,140,259
389,Gary Trent\trentga01,PF,24,DAL,45,23,1362,287,602,.477,0,5,.000,287,597,.481,.477,145,235,.617,127,224,351,77,29,23,66,122,719
390,Nick Van Exel\vanexni01,PG,27,DEN,50,50,1802,306,769,.398,72,234,.308,234,535,.437,.445,142,175,.811,14,99,113,368,40,3,121,90,826
391,Keith Van Horn\vanhoke01,PF,23,NJN,42,42,1576,322,752,.428,16,53,.302,306,699,.438,.439,256,298,.859,114,244,358,65,43,53,133,134,916
392,David Vaughn\vaughda02,PF,25,NJN,10,0,103,13,24,.542,0,0,,13,24,.542,.542,8,10,.800,13,21,34,1,2,8,11,22,34
393,Jacque Vaughn\vaughja01,PG,23,UTA,19,0,87,11,30,.367,2,8,.250,9,22,.409,.400,20,24,.833,1,10,11,12,5,0,14,14,44
394,Loy Vaught\vaughlo01,PF,30,DET,37,10,481,59,155,.381,0,1,.000,59,154,.383,.381,9,14,.643,36,110,146,11,15,6,17,54,127
395,Stojko Vrankovic\vrankst01,C,35,LAC,2,0,12,1,4,.250,0,0,,1,4,.250,.250,0,0,,4,2,6,0,0,0,0,2,2
396,Antoine Walker\walkean02,PF,22,BOS,42,41,1549,303,735,.412,65,176,.369,238,559,.426,.456,113,202,.559,106,253,359,130,63,28,119,142,784
397,Samaki Walker\walkesa01,PF,22,DAL,39,2,568,88,190,.463,0,1,.000,88,189,.466,.463,53,98,.541,46,97,143,6,9,16,37,87,229
398,Ben Wallace\wallabe01,C,24,WAS,46,16,1231,115,199,.578,0,0,,115,199,.578,.578,47,132,.356,137,247,384,18,50,90,36,111,277
399,John Wallace\wallajo01,SF,24,TOR,48,3,812,153,354,.432,0,0,,153,354,.432,.432,105,150,.700,54,117,171,46,12,43,70,92,411
400,Rasheed Wallace\wallara01,PF,24,POR,49,18,1414,242,476,.508,13,31,.419,229,445,.515,.522,131,179,.732,57,184,241,60,48,54,80,175,628
401,Rex Walters\waltere01,SG,28,MIA,33,13,506,35,95,.368,12,38,.316,23,57,.404,.432,19,23,.826,10,40,50,58,10,3,32,63,101
402,Charlie Ward\wardch01,PG,28,NYK,50,50,1556,135,334,.404,53,149,.356,82,185,.443,.484,55,78,.705,23,149,172,271,103,8,131,105,378
403,Eric Washington\washier01,SG,24,DEN,38,6,761,73,184,.397,37,97,.381,36,87,.414,.497,22,32,.688,35,54,89,30,25,18,34,87,205
404,Jamie Watson\watsoja01,SF,26,MIA,3,0,18,1,2,.500,0,0,,1,2,.500,.500,0,0,,0,1,1,1,0,0,1,1,2
405,Clarence Weatherspoon\weathcl01,SF,28,MIA,49,3,1040,141,264,.534,0,0,,141,264,.534,.534,115,143,.804,72,171,243,34,28,17,61,107,397
406,Chris Webber\webbech01,PF,25,SAC,42,42,1719,378,778,.486,4,34,.118,374,744,.503,.488,79,174,.454,149,396,545,173,60,89,148,145,839
407,Bonzi Wells\wellsbo01,SF,22,POR,7,0,35,11,20,.550,1,3,.333,10,17,.588,.575,8,18,.444,4,5,9,3,1,1,6,5,31
408,Bill Wennington\wennibi01,C,35,CHI,38,3,451,62,178,.348,1,1,1.000,61,177,.345,.351,18,22,.818,20,59,79,18,13,12,17,79,143
409,David Wesley\wesleda01,PG,28,CHH,50,50,1848,243,545,.446,61,170,.359,182,375,.485,.502,159,191,.832,23,138,161,322,100,10,142,130,706
410,Doug West\westdo01,SG,31,VAN,14,2,294,31,65,.477,0,2,.000,31,63,.492,.477,19,25,.760,5,20,25,19,16,7,12,38,81
411,Mark West\westma01,C,38,ATL,49,0,499,22,59,.373,0,0,,22,59,.373,.373,16,45,.356,49,76,125,13,4,22,17,81,60
412,DeJuan Wheat\wheatde01,PG,25,VAN,46,0,590,73,193,.378,22,60,.367,51,133,.383,.435,40,55,.727,11,34,45,102,26,2,48,59,208
413,Tyson Wheeler\wheelty01,PG,23,DEN,1,0,3,1,1,1.000,1,1,1.000,0,0,,1.500,1,2,.500,0,0,0,2,0,0,0,1,4
414,Jahidi White\whiteja01,PF,22,WAS,20,0,191,17,32,.531,0,0,,17,32,.531,.531,15,35,.429,23,35,58,1,3,11,16,39,49
415,Chris Whitney\whitnch01,PG,27,WAS,39,1,441,64,156,.410,32,95,.337,32,61,.525,.513,27,31,.871,8,39,47,69,18,2,36,49,187
416,Dominique Wilkins*\wilkido01,SF,39,ORL,27,2,252,50,132,.379,5,19,.263,45,113,.398,.398,29,42,.690,30,41,71,16,4,1,23,19,134
417,Gerald Wilkins\wilkige01,SG,35,ORL,3,0,28,0,9,.000,0,0,,0,9,.000,.000,2,2,1.000,0,1,1,1,0,0,3,3,2
418,Aaron Williams\williaa01,PF,27,SEA,40,2,458,52,123,.423,0,1,.000,52,122,.426,.423,54,74,.730,54,74,128,22,14,24,30,75,158
419,Alvin Williams\willial02,PG,24,TOR,50,45,1051,95,237,.401,14,42,.333,81,195,.415,.430,44,52,.846,19,63,82,130,51,12,56,94,248
420,Brandon Williams\willibr01,SG,23,SAS,3,0,4,0,0,,0,0,,0,0,,,2,4,.500,1,0,1,0,0,0,0,0,2
421,Eric Williams\willier01,SF,26,DEN,38,8,780,80,219,.365,6,26,.231,74,193,.383,.379,111,139,.799,34,47,81,37,27,8,49,76,277
422,Herb Williams\willihe01,C,40,NYK,6,0,34,4,8,.500,0,0,,4,8,.500,.500,2,2,1.000,3,3,6,0,0,2,2,2,10
423,Hot Rod Williams\williho01,C,36,DAL,25,11,403,11,33,.333,0,0,,11,33,.333,.333,7,10,.700,36,47,83,15,13,18,13,49,29
424,Jason Williams\willija02,PG,23,SAC,50,50,1805,231,617,.374,100,323,.310,131,294,.446,.455,79,105,.752,14,139,153,299,95,1,143,91,641
425,Jayson Williams\willija01,C,30,NJN,30,30,1020,97,218,.445,0,2,.000,97,216,.449,.445,48,85,.565,147,213,360,33,24,60,46,126,242
426,Jerome Williams\willije01,PF,25,DET,50,10,1154,124,248,.500,0,0,,124,248,.500,.500,107,159,.673,158,191,349,23,63,7,41,108,355
427,Micheal Williams\willimi02,PG,32,TOR,2,0,15,1,5,.200,0,0,,1,5,.200,.200,0,0,,1,0,1,0,0,0,1,1,2
428,Monty Williams\willimo01,SF,27,DEN,1,0,6,0,2,.000,0,0,,0,2,.000,.000,1,2,.500,0,0,0,0,0,0,0,0,1
429,Scott Williams\willisc01,C,30,TOT,7,0,46,5,17,.294,0,0,,5,17,.294,.294,4,7,.571,3,11,14,1,3,2,4,9,14
429,Scott Williams\willisc01,C,30,PHI,2,0,17,0,2,.000,0,0,,0,2,.000,.000,0,0,,1,1,2,1,2,1,2,4,0
429,Scott Williams\willisc01,C,30,MIL,5,0,29,5,15,.333,0,0,,5,15,.333,.333,4,7,.571,2,10,12,0,1,1,2,5,14
430,Shammond Williams\willish01,PG,23,ATL,2,0,4,0,1,.000,0,0,,0,1,.000,.000,3,4,.750,0,0,0,1,0,0,0,0,3
431,Travis Williams\willitr01,SF,29,CHH,8,0,62,6,13,.462,0,0,,6,13,.462,.462,3,4,.750,6,13,19,2,2,1,6,10,15
432,Walt Williams\williwa02,SF,28,POR,48,16,1044,147,347,.424,63,144,.438,84,203,.414,.514,89,107,.832,36,107,143,80,37,28,63,101,446
433,Corliss Williamson\willico02,SF,25,SAC,50,50,1374,269,555,.485,1,5,.200,268,550,.487,.486,120,188,.638,85,121,206,66,30,8,75,118,659
434,Kevin Willis\willike02,C,36,TOR,42,38,1216,187,447,.418,0,2,.000,187,445,.420,.418,130,155,.839,109,241,350,67,28,28,86,134,504
435,David Wingate\wingada01,SG,35,NYK,20,0,92,7,16,.438,0,0,,7,16,.438,.438,0,0,,3,5,8,5,4,0,6,10,14
436,Trevor Winter\wintetr01,C,25,MIN,1,0,5,0,0,,0,0,,0,0,,,0,0,,1,2,3,0,0,0,0,5,0
437,Joe Wolf\wolfjo01,PF,34,CHH,3,0,12,0,1,.000,0,0,,0,1,.000,.000,0,2,.000,0,1,1,0,0,0,0,6,0
438,Haywoode Workman\workmha01,PG,33,MIL,29,29,815,73,170,.429,17,47,.362,56,123,.455,.479,37,47,.787,14,88,102,172,32,1,63,53,200
439,Lorenzen Wright\wrighlo02,C,23,LAC,48,15,1135,119,260,.458,0,1,.000,119,259,.459,.458,81,117,.692,142,219,361,33,26,36,48,162,319
440,Korleone Young\youngko01,SF,20,DET,3,0,15,5,10,.500,1,4,.250,4,6,.667,.550,2,2,1.000,2,2,4,1,0,0,1,3,13